run_no steps_to_equilibrate0 1058
1 658
2 828
3 626
4 553
5 347
6 181
7 670
8 434
9 1708
10 297
11 991
12 1172
13 412
14 381
15 284
16 603
17 1608
18 654
19 716
20 3001
21 204
22 622
23 2091
24 2179
25 458
26 3001
27 430
28 1508
29 183
30 347
31 705
32 406
33 1280
34 327
35 745
36 501
37 761
38 369
39 259
40 1014
41 1123
42 464
43 2406
44 886
45 1589
46 1148
47 1761
48 212
49 1142
50 2336
51 657
52 484
53 1466
54 215
55 1550
56 675
57 351
58 536
59 683
60 95
61 1093
62 897
63 462
64 938
65 1149
66 905
67 2064
68 445
69 1713
70 522
71 618
72 571
73 1853
74 1337
75 794
76 718
77 492
78 692
79 1356
80 507
81 555
82 494
83 1101
84 348
85 329
86 645
87 341
88 702
89 1045
90 341
91 235
92 735
93 852
94 871
95 675
96 662
97 342
98 3001
99 229
100 649
101 327
102 1078
103 1518
104 1471
105 330
106 821
107 411
108 748
109 480
110 973
111 236
112 689
113 481
114 201
115 941
116 538
117 448
118 493
119 538
120 333
121 3001
122 300
123 366
124 298
125 422
126 1266
127 298
128 672
129 731
130 583
131 863
132 206
133 698
134 334
135 328
136 1352
137 574
138 527
139 736
140 572
141 242
142 428
143 714
144 1911
145 195
146 309
147 293
148 882
149 1446
150 407
151 553
152 562
153 1527
154 1383
155 684
156 283
157 633
158 741
159 679
160 1928
161 776
162 583
163 881
164 126
165 788
166 1240
167 1834
168 415
169 656
170 1411
171 332
172 839
173 984
174 385
175 856
176 341
177 421
178 3001
179 841
180 559
181 2691
182 904
183 2074
184 1141
185 295
186 804
187 487
188 423
189 499
190 511
191 613
192 581
193 615
194 1294
195 3001
196 2197
197 195
198 210
199 351
200 545
201 884
202 1949
203 1558
204 314
205 1130
206 525
207 491
208 835
209 965
210 474
211 272
212 1108
213 463
214 887
215 1373
216 1392
217 414
218 926
219 490
220 266
221 652
222 652
223 994
224 1088
225 913
226 939
227 456
228 2372
229 1071
230 365
231 276
232 814
233 456
234 456
235 673
236 381
237 2734
238 630
239 458
240 333
241 826
242 690
243 464
244 341
245 595
246 3001
247 878
248 1299
249 1451
250 545
251 3001
252 1405
253 286
254 259
255 586
256 858
257 466
258 381
259 258
260 1128
261 2201
262 147
263 1000
264 647
265 1238
266 849
267 220
268 613
269 839
270 569
271 273
272 890
273 288
274 733
275 470
276 320
277 3001
278 364
279 1406
280 2145
281 411
282 529
283 782
284 407
285 1538
286 1179
287 1522
288 198
289 221
290 1073
291 275
292 758
293 1070
294 375
295 1120
296 1212
297 930
298 555
299 892
300 491
301 156
302 892
303 733
304 665
305 641
306 314
307 338
308 2056
309 1003
310 1351
311 1029
312 1299
313 657
314 916
315 355
316 603
317 282
318 667
319 891
320 329
321 1577
322 639
323 562
324 695
325 304
326 1349
327 732
328 1893
329 618
330 3001
331 1382
332 1984
333 585
334 975
335 609
336 430
337 353
338 997
339 2044
340 701
341 991
342 332
343 672
344 521
345 493
346 391
347 740
348 933
349 664
350 324
351 1062
352 436
353 567
354 269
355 761
356 670
357 193
358 316
359 1727
360 2677
361 659
362 492
363 924
364 354
365 1318
366 126
367 875
368 708
369 544
370 401
371 790
372 933
373 130
374 739
375 342
376 1146
377 1173
378 379
379 287
380 1311
381 308
382 940
383 1277
384 946
385 326
386 399
387 684
388 867
389 2192
390 452
391 404
392 753
393 1034
394 470
395 3001
396 711
397 672
398 236
399 603
400 1373
401 2397
402 750
403 724
404 399
405 1398
406 456
407 1992
408 693
409 1266
410 457
411 755
412 416
413 275
414 461
415 494
416 922
417 308
418 2836
419 288
420 250
421 832
422 1214
423 486
424 1422
425 842
426 432
427 626
428 931
429 809
430 663
431 880
432 220
433 563
434 1149
435 740
436 222
437 491
438 372
439 1410
440 498
441 1718
442 951
443 806
444 220
445 281
446 1333
447 1033
448 1731
449 865
450 762
451 225
452 767
453 1160
454 597
455 630
456 2095
457 1595
458 573
459 691
460 1048
461 274
462 540
463 531
464 942
465 439
466 992
467 374
468 248
469 3001
470 893
471 1433
472 1320
473 971
474 1711
475 332
476 1446
477 207
478 1796
479 256
480 578
481 355
482 230
483 935
484 861
485 861
486 1676
487 1738
488 1681
489 413
490 724
491 410
492 2138
493 353
494 680
495 578
496 424
497 3001
498 3001
499 830
500 543
501 566
502 2033
503 203
504 890
505 1523
506 262
507 1334
508 947
509 713
510 896
511 1491
512 1923
513 187
514 453
515 652
516 566
517 796
518 535
519 1497
520 290
521 763
522 459
523 943
524 1021
525 220
526 1559
527 1294
528 421
529 564
530 1921
531 274
532 410
533 332
534 722
535 1883
536 1616
537 1409
538 1389
539 2377
540 346
541 558
542 196
543 3001
544 493
545 777
546 1444
547 1034
548 1604
549 419
550 215
551 1815
552 671
553 401
554 2057
555 1740
556 1441
557 541
558 787
559 558
560 236
561 441
562 483
563 653
564 357
565 368
566 2293
567 1012
568 381
569 586
570 858
571 609
572 492
573 593
574 688
575 1349
576 439
577 625
578 616
579 2903
580 557
581 1135
582 521
583 531
584 1103
585 1919
586 798
587 464
588 1111
589 812
590 1136
591 1025
592 999
593 287
594 689
595 370
596 1422
597 228
598 1011
599 1714
600 1876
601 274
602 418
603 1806
604 699
605 185
606 1389
607 3001
608 481
609 1292
610 654
611 406
612 571
613 731
614 247
615 344
616 434
617 1584
618 557
619 909
620 1023
621 1610
622 570
623 286
624 1286
625 650
626 1678
627 320
628 2559
629 1391
630 3001
631 637
632 1222
633 384
634 1419
635 3001
636 314
637 477
638 250
639 941
640 1308
641 534
642 274
643 479
644 3001
645 642
646 508
647 324
648 525
649 1265
650 256
651 604
652 1583
653 302
654 1464
655 702
656 734
657 2795
658 638
659 1627
660 468
661 851
662 210
663 2184
664 2045
665 1314
666 1566
667 1767
668 350
669 404
670 437
671 1504
672 1410
673 1136
674 361
675 2661
676 1694
677 2717
678 1141
679 1212
680 399
681 374
682 1323
683 931
684 1427
685 877
686 359
687 1817
688 3001
689 1391
690 1986
691 338
692 387
693 1071
694 1178
695 1633
696 275
697 1237
698 207
699 1220
700 485
701 667
702 950
703 423
704 380
705 209
706 516
707 1898
708 1770
709 213
710 1020
711 484
712 911
713 1371
714 1055
715 1691
716 2167
717 1051
718 906
719 1165
720 1466
721 646
722 1073
723 718
724 1087
725 1085
726 920
727 987
728 743
729 1462
730 1572
731 428
732 1840
733 2205
734 795
735 759
736 864
737 764
738 156
739 126
740 390
741 580
742 448
743 2632
744 685
745 414
746 1192
747 870
748 3001
749 318
750 430
751 334
752 874
753 883
754 701
755 273
756 1354
757 581
758 873
759 1516
760 243
761 248
762 252
763 236
764 1125
765 315
766 404
767 1430
768 907
769 455
770 1628
771 1213
772 516
773 676
774 349
775 1076
776 365
777 825
778 976
779 700
780 517
781 698
782 1374
783 767
784 298
785 465
786 587
787 386
788 1621
789 269
790 864
791 2191
792 443
793 3001
794 636
795 542
796 965
797 843
798 294
799 312
800 215
801 2147
802 1140
803 1101
804 262
805 1087
806 644
807 281
808 661
809 1636
810 3001
811 1954
812 248
813 505
814 931
815 478
816 1688
817 1083
818 542
819 846
820 1130
821 1436
822 1611
823 749
824 511
825 2439
826 3001
827 1346
828 459
829 674
830 1172
831 1127
832 686
833 864
834 766
835 300
836 523
837 628
838 590
839 547
840 433
841 1930
842 345
843 842
844 1007
845 603
846 1496
847 892
848 582
849 1904
850 317
851 1024
852 907
853 484
854 646
855 281
856 823
857 1351
858 995
859 1108
860 1303
861 515
862 1927
863 1139
864 914
865 2704
866 2221
867 344
868 271
869 559
870 1326
871 1507
872 806
873 869
874 1428
875 472
876 307
877 702
878 3001
879 855
880 511
881 967
882 1335
883 1044
884 736
885 512
886 2407
887 654
888 1417
889 539
890 978
891 288
892 2905
893 282
894 425
895 860
896 275
897 379
898 363
899 429
900 2152
901 1400
902 621
903 927
904 647
905 648
906 348
907 277
908 750
909 166
910 766
911 646
912 2456
913 996
914 302
915 711
916 341
917 784
918 515
919 607
920 919
921 551
922 435
923 1034
924 299
925 399
926 1064
927 1572
928 1600
929 2594
930 405
931 267
932 736
933 1185
934 635
935 862
936 515
937 739
938 1765
939 258
940 819
941 1319
942 217
943 879
944 1744
945 216
946 1741
947 2214
948 377
949 1018
950 437
951 1902
952 618
953 397
954 671
955 2248
956 891
957 692
958 308
959 995
960 349
961 435
962 912
963 794
964 2868
965 552
966 281
967 544
968 581
969 872
970 992
971 1227
972 576
973 1687
974 789
975 843
976 323
977 934
978 986
979 251
980 381
981 949
982 2205
983 2415
984 486
985 632
986 129
987 450
988 328
989 1148
990 679
991 860
992 1574
993 1170
994 808
995 511
996 299
997 2389
998 876
999 1045
