<I> <S> <R>
794 846 860
1098 444 958
1202 262 1036
1197 159 1144
1145 108 1247
1081 83 1336
1002 77 1421
927 70 1503
851 68 1581
772 66 1662
718 70 1712
654 71 1775
587 76 1837
543 85 1872
502 89 1909
458 88 1954
438 96 1966
402 111 1987
374 124 2002
345 130 2025
332 140 2028
312 154 2034
295 163 2042
278 180 2042
263 191 2046
241 210 2049
225 215 2060
213 231 2056
195 250 2055
185 269 2046
170 278 2052
164 282 2054
160 300 2040
154 316 2030
151 330 2019
143 352 2005
140 354 2006
131 377 1992
127 394 1979
119 399 1982
117 427 1956
115 438 1947
113 447 1940
108 459 1933
96 478 1926
89 494 1917
90 503 1907
80 525 1895
77 542 1881
72 562 1866
66 576 1858
61 602 1837
58 614 1828
62 618 1820
60 637 1803
55 654 1791
55 668 1777
51 680 1769
45 687 1768
40 705 1755
38 723 1739
38 736 1726
32 756 1712
32 773 1695
31 782 1687
33 791 1676
38 800 1662
35 809 1656
35 828 1637
36 840 1624
35 849 1616
39 862 1599
39 873 1588
39 880 1581
38 892 1570
32 908 1560
27 913 1560
24 931 1545
20 945 1535
17 961 1522
14 975 1511
13 988 1499
11 997 1492
12 1006 1482
10 1022 1468
9 1044 1447
9 1060 1431
9 1075 1416
9 1091 1400
9 1105 1386
8 1112 1380
8 1126 1366
8 1139 1353
7 1148 1345
7 1154 1339
5 1164 1331
3 1176 1321
2 1188 1310
2 1202 1296
3 1216 1281
3 1229 1268
4 1237 1259
6 1247 1247
8 1259 1233
10 1266 1224
10 1271 1219
10 1287 1203
8 1296 1196
6 1307 1187
8 1319 1173
7 1325 1168
11 1328 1161
12 1338 1150
20 1339 1141
27 1340 1133
32 1346 1122
37 1349 1114
33 1358 1109
37 1364 1099
38 1382 1080
36 1390 1074
40 1397 1063
38 1406 1056
39 1414 1047
45 1408 1047
52 1412 1036
50 1423 1027
46 1427 1027
52 1431 1017
57 1424 1019
58 1429 1013
62 1432 1006
59 1430 1011
63 1427 1010
72 1422 1006
80 1420 1000
86 1411 1003
92 1408 1000
89 1413 998
97 1410 993
102 1402 996
98 1408 994
109 1405 986
127 1387 986
133 1370 997
144 1354 1002
151 1345 1004
169 1316 1015
178 1302 1020
181 1292 1027
185 1282 1033
183 1266 1051
190 1255 1055
197 1242 1061
227 1210 1063
246 1175 1079
266 1137 1097
282 1110 1108
277 1097 1126
285 1074 1141
294 1057 1149
301 1027 1172
336 985 1179
381 917 1202
428 845 1227
465 779 1256
473 731 1296
476 685 1339
498 637 1365
496 589 1415
507 555 1438
510 514 1476
516 475 1509
510 444 1546
496 410 1594
494 388 1618
488 360 1652
461 352 1687
447 355 1698
435 336 1729
407 326 1767
386 308 1806
376 307 1817
374 294 1832
373 286 1841
354 282 1864
337 291 1872
306 292 1902
292 289 1919
296 298 1906
279 300 1921
260 304 1936
243 318 1939
229 332 1939
209 340 1951
204 349 1947
192 363 1945
177 378 1945
166 385 1949
156 400 1944
145 410 1945
136 416 1948
124 440 1936
120 459 1921
113 477 1910
98 489 1913
92 506 1902
83 521 1896
80 533 1887
77 549 1874
74 558 1868
79 574 1847
75 589 1836
77 596 1827
75 605 1820
64 624 1812
61 636 1803
57 647 1796
54 671 1775
54 686 1760
50 694 1756
43 714 1743
43 726 1731
39 739 1722
38 754 1708
39 772 1689
36 786 1678
36 808 1656
35 824 1641
36 837 1627
37 848 1615
42 856 1602
37 865 1598
38 888 1574
36 907 1557
33 917 1550
31 934 1535
32 945 1523
31 958 1511
30 973 1497
27 985 1488
28 998 1474
28 1017 1455
29 1037 1434
26 1046 1428
25 1057 1418
25 1070 1405
24 1082 1394
25 1091 1384
25 1108 1367
24 1114 1362
20 1128 1352
20 1132 1348
18 1144 1338
19 1154 1327
23 1159 1318
26 1170 1304
29 1179 1292
36 1184 1280
40 1186 1274
45 1189 1266
41 1196 1263
35 1205 1260
33 1211 1256
33 1221 1246
36 1228 1236
35 1240 1225
37 1246 1217
38 1254 1208
40 1261 1199
40 1268 1192
37 1275 1188
41 1291 1168
44 1292 1164
43 1296 1161
47 1300 1153
45 1302 1153
41 1313 1146
40 1318 1142
44 1317 1139
48 1322 1130
48 1331 1121
52 1337 1111
53 1339 1108
52 1344 1104
59 1341 1100
76 1331 1093
91 1318 1091
106 1304 1090
117 1290 1093
122 1283 1095
128 1279 1093
140 1265 1095
136 1256 1108
136 1251 1113
146 1236 1118
154 1221 1125
159 1201 1140
155 1193 1152
167 1180 1153
171 1170 1159
187 1151 1162
196 1143 1161
199 1133 1168
194 1123 1183
186 1119 1195
181 1118 1201
191 1105 1204
192 1100 1208
189 1098 1213
196 1086 1218
201 1073 1226
197 1065 1238
214 1048 1238
229 1025 1246
238 1005 1257
253 979 1268
253 967 1280
249 962 1289
248 948 1304
264 921 1315
278 893 1329
272 875 1353
292 847 1361
316 804 1380
337 770 1393
351 730 1419
364 703 1433
379 662 1459
396 627 1477
404 601 1495
398 574 1528
410 545 1545
420 509 1571
409 486 1605
405 454 1641
415 429 1656
416 398 1686
403 386 1711
409 367 1724
398 353 1749
372 344 1784
360 347 1793
343 346 1811
339 350 1811
341 348 1811
329 350 1821
307 359 1834
283 369 1848
265 370 1865
247 376 1877
229 392 1879
211 401 1888
197 418 1885
191 429 1880
174 438 1888
166 455 1879
158 463 1879
158 477 1865
145 494 1861
137 507 1856
129 514 1857
119 529 1852
111 545 1844
100 559 1841
92 567 1841
88 579 1833
83 588 1829
79 596 1825
67 611 1822
64 633 1803
61 653 1786
59 670 1771
56 692 1752
57 700 1743
51 715 1734
46 735 1719
46 747 1707
39 772 1689
41 789 1670
40 799 1661
35 820 1645
33 841 1626
32 863 1605
34 878 1588
35 891 1574
33 904 1563
31 919 1550
31 934 1535
33 946 1521
29 961 1510
30 975 1495
29 986 1485
29 993 1478
29 1003 1468
31 1012 1457
27 1017 1456
22 1029 1449
21 1039 1440
21 1048 1431
19 1061 1420
17 1075 1408
16 1087 1397
16 1096 1388
15 1115 1370
18 1126 1356
18 1141 1341
20 1156 1324
22 1171 1307
23 1182 1295
20 1189 1291
19 1197 1284
17 1211 1272
17 1220 1263
17 1233 1250
14 1243 1243
13 1253 1234
12 1267 1221
13 1280 1207
13 1290 1197
15 1301 1184
13 1306 1181
15 1316 1169
18 1326 1156
17 1341 1142
13 1347 1140
15 1354 1131
15 1367 1118
16 1388 1096
17 1397 1086
20 1403 1077
23 1411 1066
22 1418 1060
30 1417 1053
31 1418 1051
37 1422 1041
52 1419 1029
59 1420 1021
55 1417 1028
66 1409 1025
68 1409 1023
77 1404 1019
84 1405 1011
100 1386 1014
118 1368 1014
130 1356 1014
138 1339 1023
154 1315 1031
170 1293 1037
183 1279 1038
199 1251 1050
195 1236 1069
201 1226 1073
208 1199 1093
230 1168 1102
245 1143 1112
258 1103 1139
282 1064 1154
310 1022 1168
317 998 1185
348 949 1203
372 911 1217
383 874 1243
408 816 1276
442 752 1306
448 715 1337
448 673 1379
452 634 1414
436 611 1453
424 589 1487
414 575 1511
406 558 1536
398 543 1559
419 509 1572
433 473 1594
429 451 1620
433 416 1651
430 394 1676
414 367 1719
412 346 1742
386 337 1777
364 348 1788
331 352 1817
313 347 1840
286 349 1865
260 353 1887
251 367 1882
234 375 1891
218 386 1896
210 408 1882
188 422 1890
172 431 1897
166 441 1893
150 453 1897
144 464 1892
132 475 1893
123 489 1888
114 510 1876
109 526 1865
99 536 1865
