p1 p2 p3 <I> <I^2> <S> <R> <I_err>
0.0 0.5 0.0 0.0 0.0 0.3364 0.6635999999999999 0.0
0.0 0.5 0.05 0.0 0.0 0.9999356 6.44e-05 0.0
0.0 0.5 0.1 0.0 0.0 1.0 0.0 0.0
0.0 0.5 0.15000000000000002 0.0 0.0 1.0 0.0 0.0
0.0 0.5 0.2 0.0 0.0 1.0 0.0 0.0
0.0 0.5 0.25 0.0 0.0 1.0 0.0 0.0
0.0 0.5 0.30000000000000004 0.0 0.0 1.0 0.0 0.0
0.0 0.5 0.35000000000000003 0.0 0.0 1.0 0.0 0.0
0.0 0.5 0.4 0.0 0.0 1.0 0.0 0.0
0.0 0.5 0.45 0.0 0.0 1.0 0.0 0.0
0.0 0.5 0.5 0.0 0.0 1.0 0.0 0.0
0.0 0.5 0.55 0.0 0.0 1.0 0.0 0.0
0.0 0.5 0.6000000000000001 0.0 0.0 1.0 0.0 0.0
0.0 0.5 0.65 0.0 0.0 1.0 0.0 0.0
0.0 0.5 0.7000000000000001 0.0 0.0 1.0 0.0 0.0
0.0 0.5 0.75 0.0 0.0 1.0 0.0 0.0
0.0 0.5 0.8 0.0 0.0 1.0 0.0 0.0
0.0 0.5 0.8500000000000001 0.0 0.0 1.0 0.0 0.0
0.0 0.5 0.9 0.0 0.0 1.0 0.0 0.0
0.0 0.5 0.9500000000000001 0.0 0.0 1.0 0.0 0.0
0.0 0.5 1.0 0.0 0.0 1.0 0.0 0.0
0.05 0.5 0.0 0.0 0.0 0.31320000000000003 0.6868 0.0
0.05 0.5 0.05 0.0 0.0 0.9998728 0.00012720000000000003 0.0
0.05 0.5 0.1 0.0 0.0 1.0 0.0 0.0
0.05 0.5 0.15000000000000002 0.0 0.0 1.0 0.0 0.0
0.05 0.5 0.2 0.0 0.0 1.0 0.0 0.0
0.05 0.5 0.25 0.0 0.0 1.0 0.0 0.0
0.05 0.5 0.30000000000000004 0.0 0.0 1.0 0.0 0.0
0.05 0.5 0.35000000000000003 0.0 0.0 1.0 0.0 0.0
0.05 0.5 0.4 0.0 0.0 1.0 0.0 0.0
0.05 0.5 0.45 0.0 0.0 1.0 0.0 0.0
0.05 0.5 0.5 0.0 0.0 1.0 0.0 0.0
0.05 0.5 0.55 0.0 0.0 1.0 0.0 0.0
0.05 0.5 0.6000000000000001 0.0 0.0 1.0 0.0 0.0
0.05 0.5 0.65 0.0 0.0 1.0 0.0 0.0
0.05 0.5 0.7000000000000001 0.0 0.0 1.0 0.0 0.0
0.05 0.5 0.75 0.0 0.0 1.0 0.0 0.0
0.05 0.5 0.8 0.0 0.0 1.0 0.0 0.0
0.05 0.5 0.8500000000000001 0.0 0.0 1.0 0.0 0.0
0.05 0.5 0.9 0.0 0.0 1.0 0.0 0.0
0.05 0.5 0.9500000000000001 0.0 0.0 1.0 0.0 0.0
0.05 0.5 1.0 0.0 0.0 1.0 0.0 0.0
0.1 0.5 0.0 0.0 0.0 0.2511999999999999 0.7487999999999998 0.0
0.1 0.5 0.05 0.0 0.0 0.9998916 0.00010839999999999999 0.0
0.1 0.5 0.1 0.0 0.0 0.9999888 1.1200000000000001e-05 0.0
0.1 0.5 0.15000000000000002 0.0 0.0 1.0 0.0 0.0
0.1 0.5 0.2 0.0 0.0 1.0 0.0 0.0
0.1 0.5 0.25 0.0 0.0 1.0 0.0 0.0
0.1 0.5 0.30000000000000004 0.0 0.0 1.0 0.0 0.0
0.1 0.5 0.35000000000000003 0.0 0.0 1.0 0.0 0.0
0.1 0.5 0.4 0.0 0.0 1.0 0.0 0.0
0.1 0.5 0.45 0.0 0.0 1.0 0.0 0.0
0.1 0.5 0.5 0.0 0.0 1.0 0.0 0.0
0.1 0.5 0.55 0.0 0.0 1.0 0.0 0.0
0.1 0.5 0.6000000000000001 0.0 0.0 1.0 0.0 0.0
0.1 0.5 0.65 0.0 0.0 1.0 0.0 0.0
0.1 0.5 0.7000000000000001 0.0 0.0 1.0 0.0 0.0
0.1 0.5 0.75 0.0 0.0 1.0 0.0 0.0
0.1 0.5 0.8 0.0 0.0 1.0 0.0 0.0
0.1 0.5 0.8500000000000001 0.0 0.0 1.0 0.0 0.0
0.1 0.5 0.9 0.0 0.0 1.0 0.0 0.0
0.1 0.5 0.9500000000000001 0.0 0.0 1.0 0.0 0.0
0.1 0.5 1.0 0.0 0.0 1.0 0.0 0.0
0.15000000000000002 0.5 0.0 0.0 0.0 0.24840000000000007 0.7515999999999999 0.0
0.15000000000000002 0.5 0.05 0.0 0.0 0.9999159999999999 8.4e-05 0.0
0.15000000000000002 0.5 0.1 0.0 0.0 1.0 0.0 0.0
0.15000000000000002 0.5 0.15000000000000002 0.0 0.0 1.0 0.0 0.0
0.15000000000000002 0.5 0.2 0.0 0.0 1.0 0.0 0.0
0.15000000000000002 0.5 0.25 0.0 0.0 1.0 0.0 0.0
0.15000000000000002 0.5 0.30000000000000004 0.0 0.0 1.0 0.0 0.0
0.15000000000000002 0.5 0.35000000000000003 0.0 0.0 1.0 0.0 0.0
0.15000000000000002 0.5 0.4 0.0 0.0 1.0 0.0 0.0
0.15000000000000002 0.5 0.45 0.0 0.0 1.0 0.0 0.0
0.15000000000000002 0.5 0.5 0.0 0.0 1.0 0.0 0.0
0.15000000000000002 0.5 0.55 0.0 0.0 1.0 0.0 0.0
0.15000000000000002 0.5 0.6000000000000001 0.0 0.0 1.0 0.0 0.0
0.15000000000000002 0.5 0.65 0.0 0.0 1.0 0.0 0.0
0.15000000000000002 0.5 0.7000000000000001 0.0 0.0 1.0 0.0 0.0
0.15000000000000002 0.5 0.75 0.0 0.0 1.0 0.0 0.0
0.15000000000000002 0.5 0.8 0.0 0.0 1.0 0.0 0.0
0.15000000000000002 0.5 0.8500000000000001 0.0 0.0 1.0 0.0 0.0
0.15000000000000002 0.5 0.9 0.0 0.0 1.0 0.0 0.0
0.15000000000000002 0.5 0.9500000000000001 0.0 0.0 1.0 0.0 0.0
0.15000000000000002 0.5 1.0 0.0 0.0 1.0 0.0 0.0
0.2 0.5 0.0 0.0 0.0 0.20960000000000004 0.7904000000000001 0.0
0.2 0.5 0.05 0.0 0.0 0.9999176 8.239999999999997e-05 0.0
0.2 0.5 0.1 0.0 0.0 1.0 0.0 0.0
0.2 0.5 0.15000000000000002 0.0 0.0 1.0 0.0 0.0
0.2 0.5 0.2 0.0 0.0 1.0 0.0 0.0
0.2 0.5 0.25 0.0 0.0 1.0 0.0 0.0
0.2 0.5 0.30000000000000004 0.0 0.0 1.0 0.0 0.0
0.2 0.5 0.35000000000000003 0.0 0.0 1.0 0.0 0.0
0.2 0.5 0.4 0.0 0.0 1.0 0.0 0.0
0.2 0.5 0.45 0.0 0.0 1.0 0.0 0.0
0.2 0.5 0.5 0.0 0.0 1.0 0.0 0.0
0.2 0.5 0.55 0.0 0.0 1.0 0.0 0.0
0.2 0.5 0.6000000000000001 0.0 0.0 1.0 0.0 0.0
0.2 0.5 0.65 0.0 0.0 1.0 0.0 0.0
0.2 0.5 0.7000000000000001 0.0 0.0 1.0 0.0 0.0
0.2 0.5 0.75 0.0 0.0 1.0 0.0 0.0
0.2 0.5 0.8 0.0 0.0 1.0 0.0 0.0
0.2 0.5 0.8500000000000001 0.0 0.0 1.0 0.0 0.0
0.2 0.5 0.9 0.0 0.0 1.0 0.0 0.0
0.2 0.5 0.9500000000000001 0.0 0.0 1.0 0.0 0.0
0.2 0.5 1.0 0.0 0.0 1.0 0.0 0.0
0.25 0.5 0.0 0.0 0.0 0.18319999999999992 0.8168000000000002 0.0
0.25 0.5 0.05 0.0 0.0 0.9999088 9.120000000000001e-05 0.0
0.25 0.5 0.1 0.0 0.0 1.0 0.0 0.0
0.25 0.5 0.15000000000000002 0.0 0.0 0.9999996 4.0000000000000003e-07 0.0
0.25 0.5 0.2 0.0 0.0 1.0 0.0 0.0
0.25 0.5 0.25 0.0 0.0 1.0 0.0 0.0
0.25 0.5 0.30000000000000004 0.0 0.0 1.0 0.0 0.0
0.25 0.5 0.35000000000000003 0.0 0.0 0.999996 4e-06 0.0
0.25 0.5 0.4 6.52e-05 1.7263999999999996e-07 0.9998504 8.44e-05 1.649818015343423e-11
0.25 0.5 0.45 2.8000000000000003e-05 7.775999999999999e-08 0.9999256000000001 4.6399999999999996e-05 1.0555126304027468e-11
0.25 0.5 0.5 0.0 0.0 0.9999964 3.6e-06 0.0
0.25 0.5 0.55 0.00026080000000000005 1.4358400000000001e-06 0.9994883999999999 0.00025079999999999997 9.594147860717045e-11
0.25 0.5 0.6000000000000001 0.0001204 4.664e-07 0.99976 0.0001196 4.1799429463154975e-11
0.25 0.5 0.65 2.4e-06 2.8799999999999996e-09 0.9999896 8e-06 8.12140398617033e-13
0.25 0.5 0.7000000000000001 0.0006248 5.15616e-06 0.9989224 0.00045279999999999995 2.6174027922766335e-10
0.25 0.5 0.75 0.0007124 5.0648e-06 0.9988248 0.0004628 2.4611660393147745e-10
0.25 0.5 0.8 0.00038639999999999996 3.13088e-06 0.9993804000000001 0.00023320000000000003 2.31058862871992e-10
0.25 0.5 0.8500000000000001 0.0006828000000000001 1.008496e-05 0.9988828 0.0004343999999999999 7.680591927025607e-10
0.25 0.5 0.9 0.0014563999999999998 1.405232e-05 0.9977328 0.0008108000000000002 3.65969166024387e-10
0.25 0.5 0.9500000000000001 0.0009864 1.700704e-05 0.9984696000000001 0.000544 8.757202576136402e-10
0.25 0.5 1.0 0.002878 3.6935199999999985e-05 0.9957192 0.0014027999999999998 1.1116901028739891e-09
0.30000000000000004 0.5 0.0 0.0 0.0 0.1616 0.8384000000000001 0.0
0.30000000000000004 0.5 0.05 0.0 0.0 0.9999064 9.359999999999998e-05 0.0
0.30000000000000004 0.5 0.1 0.0 0.0 1.0 0.0 0.0
0.30000000000000004 0.5 0.15000000000000002 0.0 0.0 1.0 0.0 0.0
0.30000000000000004 0.5 0.2 0.0 0.0 1.0 0.0 0.0
0.30000000000000004 0.5 0.25 0.0001108 3.4352e-07 0.999664 0.00022519999999999997 3.1048051890930936e-11
0.30000000000000004 0.5 0.30000000000000004 0.0 0.0 1.0 0.0 0.0
0.30000000000000004 0.5 0.35000000000000003 0.0002184 1.4288e-06 0.9994208 0.0003608 1.226186686839035e-10
0.30000000000000004 0.5 0.4 0.0014780000000000001 1.785648e-05 0.9964836 0.0020384 6.263335666921942e-10
0.30000000000000004 0.5 0.45 0.0029928 6.553088e-05 0.9935352000000001 0.0034720000000000003 2.076411741841004e-09
0.30000000000000004 0.5 0.5 0.010852800000000003 0.0004332256 0.9782455999999999 0.010901600000000001 6.881438785069347e-09
0.30000000000000004 0.5 0.55 0.0068747999999999995 0.00024195791999999996 0.9865936 0.006531599999999999 6.946404364538221e-09
0.30000000000000004 0.5 0.6000000000000001 0.0519844 0.00315700528 0.9048843999999999 0.0431312 6.3291949792532375e-09
0.30000000000000004 0.5 0.65 0.0644004 0.004701199519999999 0.8859688000000001 0.04963080000000001 7.362103997466977e-09
0.30000000000000004 0.5 0.7000000000000001 0.0950012 0.009303002080000001 0.8372344 0.06776439999999999 5.086328430040319e-09
0.30000000000000004 0.5 0.75 0.09207080000000001 0.00884709296 0.8465888 0.0613404 5.310491761468694e-09
0.30000000000000004 0.5 0.8 0.1042076 0.011087546719999999 0.8305556000000001 0.0652368 3.827914981904128e-09
0.30000000000000004 0.5 0.8500000000000001 0.11681359999999999 0.01386311296 0.8144796 0.0687068 4.087227399180918e-09
0.30000000000000004 0.5 0.9 0.11983400000000001 0.014697315360000001 0.8135576 0.06660839999999998 6.852080088946373e-09
0.30000000000000004 0.5 0.9500000000000001 0.12817360000000003 0.016717347520000002 0.8042876 0.06753880000000001 6.174515508350081e-09
0.30000000000000004 0.5 1.0 0.133512 0.01806080832 0.7993732 0.0671148 4.7483571288152885e-09
0.35000000000000003 0.5 0.0 0.0 0.0 0.1576 0.8423999999999996 0.0
0.35000000000000003 0.5 0.05 0.0 0.0 0.9998312 0.0001688 0.0
0.35000000000000003 0.5 0.1 0.0 0.0 1.0 0.0 0.0
0.35000000000000003 0.5 0.15000000000000002 4.4800000000000005e-05 1.4176e-07 0.9997628 0.00019240000000000001 1.8107898351291487e-11
0.35000000000000003 0.5 0.2 0.0016368 2.900576e-05 0.9939572000000001 0.004406 1.2909505202098104e-09
0.35000000000000003 0.5 0.25 0.0029423999999999995 5.9305279999999995e-05 0.99056 0.0064976 1.6738333839464354e-09
0.35000000000000003 0.5 0.30000000000000004 0.037676 0.0016359088000000002 0.9002736 0.062050400000000006 3.799447717586626e-09
0.35000000000000003 0.5 0.35000000000000003 0.0792648 0.00658465792 0.807764 0.1129712 4.574454303794302e-09
0.35000000000000003 0.5 0.4 0.09563920000000001 0.00943611296 0.7842488000000001 0.120112 5.038650822541108e-09
0.35000000000000003 0.5 0.45 0.11610200000000001 0.01369836144 0.7541772000000001 0.1297208 3.911980171843709e-09
0.35000000000000003 0.5 0.5 0.13630799999999998 0.018784578240000002 0.727308 0.13638399999999998 3.692581873341038e-09
0.35000000000000003 0.5 0.55 0.14888639999999997 0.02237504928 0.7158672 0.1352464 3.782378830973083e-09
0.35000000000000003 0.5 0.6000000000000001 0.1609256 0.026172502719999997 0.7053144 0.13376 5.657863023265695e-09
0.35000000000000003 0.5 0.65 0.1714056 0.02959730496 0.6969411999999999 0.1316532 4.002049599564032e-09
0.35000000000000003 0.5 0.7000000000000001 0.18018 0.03272722272 0.6908188 0.12900119999999998 4.279802640868011e-09
0.35000000000000003 0.5 0.75 0.1913908 0.0368066232 0.6810876 0.12752159999999998 3.256752319469333e-09
0.35000000000000003 0.5 0.8 0.19676480000000002 0.03893507615999999 0.6801972000000001 0.123038 3.8295282899751e-09
0.35000000000000003 0.5 0.8500000000000001 0.20178320000000002 0.04094607104 0.6791992 0.1190176 4.010464769154565e-09
0.35000000000000003 0.5 0.9 0.20989159999999998 0.04424854576 0.6732172 0.1168912 3.047752378532365e-09
0.35000000000000003 0.5 0.9500000000000001 0.2178724 0.0476294152 0.6681320000000001 0.1139956 3.03907832032884e-09
0.35000000000000003 0.5 1.0 0.22168000000000002 0.04931773632 0.6672899999999999 0.11103 3.3131080120994204e-09
0.4 0.5 0.0 0.0 0.0 0.12840000000000004 0.8716000000000004 0.0
0.4 0.5 0.05 0.0 0.0 0.999888 0.00011199999999999998 0.0
0.4 0.5 0.1 0.0 0.0 0.9999976 2.4000000000000003e-06 0.0
0.4 0.5 0.15000000000000002 0.000772 1.142592e-05 0.99619 0.0030380000000000003 6.694220049371507e-10
0.4 0.5 0.2 0.042043199999999996 0.00197649664 0.8527496000000001 0.1052072 3.193127287760115e-09
0.4 0.5 0.25 0.0831896 0.007128723199999999 0.7511008 0.16570959999999998 3.950540465089714e-09
0.4 0.5 0.30000000000000004 0.11298480000000001 0.012910848640000002 0.6996184000000001 0.18739679999999997 2.645154034837528e-09
0.4 0.5 0.35000000000000003 0.13479239999999998 0.018462163360000002 0.67204 0.1931676 5.1964803843437945e-09
0.4 0.5 0.4 0.15391719999999998 0.02389045328 0.6527752 0.1933076 3.396665157554082e-09
0.4 0.5 0.45 0.17388960000000003 0.030436402879999998 0.6327008 0.19340960000000001 3.6891296316678226e-09
0.4 0.5 0.5 0.18683840000000002 0.0350790128 0.6251984 0.18796320000000002 3.4336721644644037e-09
0.4 0.5 0.55 0.2046384 0.042075766720000005 0.6100264000000001 0.18533519999999998 3.5957507224980172e-09
0.4 0.5 0.6000000000000001 0.2154664 0.0466099392 0.6054172000000001 0.17911639999999998 3.392651812244375e-09
0.4 0.5 0.65 0.2265188 0.051521148960000006 0.59956 0.1739212 3.6176219023003094e-09
0.4 0.5 0.7000000000000001 0.23396119999999998 0.054940223520000005 0.5983512 0.1676876 3.5136082625093197e-09
0.4 0.5 0.75 0.2447352 0.06008952832 0.5926224000000001 0.16264240000000002 3.5144214073237e-09
0.4 0.5 0.8 0.2519712 0.0636611296 0.5898260000000001 0.1582028 3.093965918604063e-09
0.4 0.5 0.8500000000000001 0.2555196 0.06549485456 0.5941836 0.1502968 3.4777973313015265e-09
0.4 0.5 0.9 0.26434799999999997 0.07005256639999999 0.5887172 0.1469348 2.9479222852895037e-09
0.4 0.5 0.9500000000000001 0.27040920000000007 0.0733257096 0.5872999999999999 0.14229080000000002 3.752353205088514e-09
0.4 0.5 1.0 0.2755064 0.07610056223999999 0.5870896 0.137404 3.471766181854996e-09
0.45 0.5 0.0 0.0 0.0 0.12680000000000002 0.8732000000000003 0.0
0.45 0.5 0.05 0.0 0.0 0.9999123999999999 8.759999999999999e-05 0.0
0.45 0.5 0.1 0.0 0.0 0.9999356 6.44e-05 0.0
0.45 0.5 0.15000000000000002 0.0443188 0.00210846224 0.808844 0.1468372 2.687901910120916e-09
0.45 0.5 0.2 0.07837119999999999 0.0063936921600000005 0.72451 0.1971188 4.978001554690276e-09
0.45 0.5 0.25 0.118964 0.014349183360000002 0.6439467999999999 0.2370892 3.5672178900761924e-09
0.45 0.5 0.30000000000000004 0.1482304 0.02218814624 0.6060331999999999 0.2457364 3.714308519151445e-09
0.45 0.5 0.35000000000000003 0.17111880000000002 0.029485084 0.5847684000000001 0.2441128 3.6138224212488424e-09
0.45 0.5 0.4 0.193918 0.037790130080000005 0.5636256 0.24245639999999996 3.409242754209823e-09
0.45 0.5 0.45 0.21337240000000002 0.04573466928000001 0.550556 0.2360716 3.727422211642564e-09
0.45 0.5 0.5 0.2272448 0.051820502719999995 0.5457596 0.22699559999999996 3.6951038180332415e-09
0.45 0.5 0.55 0.23988559999999998 0.05773640192 0.5416283999999999 0.21848599999999999 3.4526168230948354e-09
0.45 0.5 0.6000000000000001 0.25497679999999995 0.06518836800000001 0.533796 0.2112272 3.213994236167516e-09
0.45 0.5 0.65 0.2649848 0.0704152976 0.5313412000000001 0.20367399999999997 3.5228686993733183e-09
0.45 0.5 0.7000000000000001 0.27377520000000005 0.07512751359999999 0.5304692 0.1957556 3.2447598019925782e-09
0.45 0.5 0.75 0.2810192 0.07914427232 0.5313260000000001 0.18765479999999998 2.9775837848721673e-09
0.45 0.5 0.8 0.29023360000000004 0.08439706143999999 0.5283868 0.18137959999999997 2.92673141609329e-09
0.45 0.5 0.8500000000000001 0.29709119999999994 0.08843066048 0.5284983999999999 0.17441040000000002 3.21563716282438e-09
0.45 0.5 0.9 0.3015852 0.09113039599999999 0.5301584 0.1682564 3.3617915343965223e-09
0.45 0.5 0.9500000000000001 0.30936 0.09588502271999999 0.5281115999999999 0.16252840000000002 3.1766769518785082e-09
0.45 0.5 1.0 0.31398000000000004 0.09874859168 0.5289152 0.15710480000000002 2.952020225135417e-09
0.5 0.5 0.0 0.0 0.0 0.11880000000000002 0.8811999999999999 0.0
0.5 0.5 0.05 0.0 0.0 0.9997984 0.0002016 0.0
0.5 0.5 0.1 0.0011204000000000001 2.577232e-05 0.9920516 0.006827999999999999 1.561954517304959e-09
0.5 0.5 0.15000000000000002 0.069504 0.00501970496 0.6988435999999999 0.2316524 3.297570366384883e-09
0.5 0.5 0.2 0.11011240000000001 0.012373386399999999 0.6167104000000001 0.27317719999999995 4.083018918899616e-09
0.5 0.5 0.25 0.1443908 0.021076151520000003 0.5682119999999999 0.2873972 4.203058183008731e-09
0.5 0.5 0.30000000000000004 0.172324 0.029885487359999997 0.5398484000000001 0.28782759999999996 3.3406658709227512e-09
0.5 0.5 0.35000000000000003 0.19882319999999998 0.03973447072 0.5178984000000001 0.28327840000000004 3.726441584760773e-09
0.5 0.5 0.4 0.218674 0.047968309919999993 0.5079328000000001 0.2733932 2.7574323193267648e-09
0.5 0.5 0.45 0.23904399999999998 0.05732875456 0.49485680000000004 0.2660992 3.078169757865885e-09
0.5 0.5 0.5 0.2537824 0.06458617920000001 0.49163599999999996 0.2545816 3.011078668408968e-09
0.5 0.5 0.55 0.26901919999999996 0.07253474304000002 0.48669 0.2442908 2.8407244914995135e-09
0.5 0.5 0.6000000000000001 0.2815976 0.0794548832 0.48328 0.2351224 2.7593784923152046e-09
0.5 0.5 0.65 0.2910596 0.0848749368 0.48462239999999995 0.224318 2.996525024592475e-09
0.5 0.5 0.7000000000000001 0.30218439999999996 0.09150120496 0.4825992 0.21521640000000003 3.283465885511435e-09
0.5 0.5 0.75 0.31128959999999994 0.09707565696 0.48080960000000006 0.2079008 3.322626748620534e-09
0.5 0.5 0.8 0.3184956 0.101612924 0.4825728 0.19893160000000001 3.2760844953040563e-09
0.5 0.5 0.8500000000000001 0.3253304000000001 0.10601706368000001 0.48332600000000003 0.19134359999999997 3.2927194784730564e-09
0.5 0.5 0.9 0.3323828 0.11062139824000002 0.4829892 0.18462800000000001 2.4008908538099867e-09
0.5 0.5 0.9500000000000001 0.3367592 0.11354905536000001 0.4857416 0.1774992 2.667916432364198e-09
0.5 0.5 1.0 0.34436400000000006 0.11873352512 0.48378160000000003 0.1718544 2.651554257236825e-09
0.55 0.5 0.0 0.0 0.0 0.1088 0.8911999999999995 0.0
0.55 0.5 0.05 0.0 0.0 0.9997292 0.0002708 0.0
0.55 0.5 0.1 0.043592799999999994 0.0021062172800000003 0.7381736000000001 0.2182336 3.7898836348353116e-09
0.55 0.5 0.15000000000000002 0.082432 0.00703074144 0.6402132 0.2773548 4.421923047599012e-09
0.55 0.5 0.2 0.1268928 0.016321621760000002 0.5558116 0.3172956 4.042860185841335e-09
0.55 0.5 0.25 0.16228720000000002 0.026549867199999997 0.5128712000000001 0.32484159999999995 3.6725790586996056e-09
0.55 0.5 0.30000000000000004 0.1894112 0.03607783392 0.49298759999999997 0.31760120000000003 3.5391193593334042e-09
0.55 0.5 0.35000000000000003 0.2191732 0.04825589264 0.46830520000000003 0.3125216 4.042569647596101e-09
0.55 0.5 0.4 0.24158319999999997 0.058532390399999995 0.4572248 0.301192 2.9606065920967747e-09
0.55 0.5 0.45 0.26063119999999995 0.06808043808 0.45017039999999997 0.28919839999999997 2.604454822724293e-09
0.55 0.5 0.5 0.2774932 0.0771852504 0.4451236 0.2773832 3.4864490841872033e-09
0.55 0.5 0.55 0.2918976 0.08535067296 0.4440448 0.2640576 2.6291519776463352e-09
0.55 0.5 0.6000000000000001 0.30410879999999996 0.09265472896 0.4427516000000001 0.2531396 3.073388919709776e-09
0.55 0.5 0.65 0.3145584 0.09909559264000001 0.4430924 0.2423492 2.6813955008257203e-09
0.55 0.5 0.7000000000000001 0.32493279999999997 0.10572687552 0.44289639999999997 0.23217079999999998 2.8519968128697515e-09
0.55 0.5 0.75 0.334012 0.11170053664 0.4428407999999999 0.2231472 2.4115177616645975e-09
0.55 0.5 0.8 0.34314599999999995 0.11788967632000001 0.4424252 0.21442880000000003 2.554709227027799e-09
0.55 0.5 0.8500000000000001 0.350274 0.12282896368 0.44359479999999996 0.2061312 2.6367954087811103e-09
0.55 0.5 0.9 0.35675159999999995 0.12741201648 0.4459076 0.1973408 2.599214376629013e-09
0.55 0.5 0.9500000000000001 0.362794 0.13176676848 0.44623760000000007 0.1909684 2.644516700533494e-09
0.55 0.5 1.0 0.36865679999999995 0.13605332224 0.4473264 0.18401679999999998 2.643012927835274e-09
0.6000000000000001 0.5 0.0 0.0 0.0 0.08880000000000002 0.9112000000000005 0.0
0.6000000000000001 0.5 0.05 0.0 0.0 0.999874 0.000126 0.0
0.6000000000000001 0.5 0.1 0.056373599999999996 0.0034271113600000003 0.6644344 0.279192 4.050503586547565e-09
0.6000000000000001 0.5 0.15000000000000002 0.09868039999999999 0.00995253584 0.5710040000000001 0.33031560000000004 3.970293598174608e-09
0.6000000000000001 0.5 0.2 0.14025400000000002 0.01984416208 0.5075564 0.35218960000000005 3.1849094109155326e-09
0.6000000000000001 0.5 0.25 0.1766592 0.0314107456 0.47049559999999996 0.35284519999999997 3.288638126346651e-09
0.6000000000000001 0.5 0.30000000000000004 0.2089932 0.04385084399999999 0.4427572 0.34824960000000005 2.9306596066562614e-09
0.6000000000000001 0.5 0.35000000000000003 0.2342644 0.055056526880000005 0.4308632 0.33487239999999996 3.176882113770754e-09
0.6000000000000001 0.5 0.4 0.2574028 0.06640506352 0.42053680000000004 0.32206039999999997 2.5526589719709215e-09
0.6000000000000001 0.5 0.45 0.2773548 0.0770697176 0.41397720000000005 0.308668 2.7270513150683447e-09
0.6000000000000001 0.5 0.5 0.29418439999999996 0.08670388688 0.41190599999999994 0.2939096 2.9883571705296655e-09
0.6000000000000001 0.5 0.55 0.309866 0.09617361424000001 0.40912879999999996 0.2810052 2.7542830330143063e-09
0.6000000000000001 0.5 0.6000000000000001 0.3218932 0.10376428816000001 0.409682 0.2684248 2.500707499122902e-09
0.6000000000000001 0.5 0.65 0.33314879999999997 0.11113423328 0.4104348 0.25641639999999993 2.712734334877379e-09
0.6000000000000001 0.5 0.7000000000000001 0.3442432 0.11865310272 0.4094328 0.24632400000000002 2.5911584497245e-09
0.6000000000000001 0.5 0.75 0.3530616 0.12480696000000001 0.41066880000000006 0.2362696 2.57952889042155e-09
0.6000000000000001 0.5 0.8 0.3617284 0.13098826864 0.4125356 0.225736 2.4800821863654226e-09
0.6000000000000001 0.5 0.8500000000000001 0.36910879999999996 0.13638151328 0.4128 0.21809119999999999 2.4973503328425705e-09
0.6000000000000001 0.5 0.9 0.3773816 0.14254977088 0.41378319999999996 0.2088352 2.363882730271194e-09
0.6000000000000001 0.5 0.9500000000000001 0.38437239999999995 0.14787821775999999 0.413692 0.20193560000000002 2.4191713831947047e-09
0.6000000000000001 0.5 1.0 0.3893196 0.15171449328 0.41622719999999996 0.19445320000000002 2.419718345508095e-09
0.65 0.5 0.0 0.0 0.0 0.09840000000000002 0.9016000000000002 0.0
0.65 0.5 0.05 0.0 0.0 0.9999156 8.44e-05 0.0
0.65 0.5 0.1 0.0624888 0.0041653926400000004 0.6257079999999999 0.31180319999999995 4.4878882165634325e-09
0.65 0.5 0.15000000000000002 0.1079432 0.011856485760000002 0.5312348000000001 0.360822 3.9811815417032976e-09
0.65 0.5 0.2 0.1526612 0.02348042672 0.4648404 0.3824984 2.918458413111984e-09
0.65 0.5 0.25 0.1889776 0.03589383904 0.43356 0.3774624 3.3865913925887008e-09
0.65 0.5 0.30000000000000004 0.2204596 0.048755525919999994 0.4115692 0.3679712 2.8257345492380076e-09
0.65 0.5 0.35000000000000003 0.24833120000000003 0.0618193344 0.3963996 0.3552692 2.77306670542986e-09
0.65 0.5 0.4 0.2721116 0.07420114704 0.3884736 0.3394148 2.917125004674232e-09
0.65 0.5 0.45 0.2906384000000001 0.08461917152 0.3846052 0.3247564 2.6321414121803197e-09
0.65 0.5 0.5 0.309376 0.09586964544 0.3813892 0.3092348 2.8640903705944488e-09
0.65 0.5 0.55 0.3240224 0.1051560512 0.38176319999999997 0.2942144 3.2944851127502347e-09
0.65 0.5 0.6000000000000001 0.33673559999999997 0.11355208784 0.38144439999999996 0.28181999999999996 2.7690705516664108e-09
0.65 0.5 0.65 0.349476 0.12228381056000001 0.382004 0.26852 2.8117529852546065e-09
0.65 0.5 0.7000000000000001 0.36037280000000005 0.13000893152 0.38201320000000005 0.25761399999999995 2.7771514365656514e-09
0.65 0.5 0.75 0.3694828 0.13666251312 0.3841188 0.2463984 2.4454862421956436e-09
0.65 0.5 0.8 0.3789552 0.14375277056 0.3841264 0.23691840000000003 2.4725043826233185e-09
0.65 0.5 0.8500000000000001 0.386482 0.14951942352 0.385442 0.228076 2.696697049914819e-09
0.65 0.5 0.9 0.39418960000000003 0.15552129856 0.38713159999999996 0.2186788 2.3979202440269627e-09
0.65 0.5 0.9500000000000001 0.40020479999999997 0.16030678463999998 0.3889384 0.21085679999999998 2.464770169426755e-09
0.65 0.5 1.0 0.405612 0.16467119936 0.39122480000000004 0.20316320000000002 2.6832526543504247e-09
0.7000000000000001 0.5 0.0 0.0 0.0 0.09200000000000001 0.9079999999999999 0.0
0.7000000000000001 0.5 0.05 0.0 0.0 0.9998587999999999 0.00014120000000000002 0.0
0.7000000000000001 0.5 0.1 0.0685304 0.0049913088 0.5881736000000001 0.343296 5.500058374988524e-09
0.7000000000000001 0.5 0.15000000000000002 0.11564880000000001 0.013620157439999999 0.4981228 0.38622839999999997 4.21882798977316e-09
0.7000000000000001 0.5 0.2 0.1620036 0.026417955040000003 0.43489120000000003 0.40310519999999994 2.8569753739769248e-09
0.7000000000000001 0.5 0.25 0.1981364 0.03944928304 0.4034108 0.39845279999999994 3.1093409502272044e-09
0.7000000000000001 0.5 0.30000000000000004 0.23113 0.053601607200000005 0.38371 0.38515999999999995 3.4800521879492474e-09
0.7000000000000001 0.5 0.35000000000000003 0.2600824 0.06779255712 0.36985880000000004 0.3700588 2.546589942637102e-09
0.7000000000000001 0.5 0.4 0.2830164 0.08025040655999999 0.3630232 0.35396040000000006 2.6644289184082078e-09
0.7000000000000001 0.5 0.45 0.30277960000000004 0.09183020112 0.36036719999999994 0.3368532 2.6863896398423575e-09
0.7000000000000001 0.5 0.5 0.32193279999999996 0.10378102623999999 0.35731080000000004 0.3207564 2.509735379613886e-09
0.7000000000000001 0.5 0.55 0.33648720000000004 0.11338149312 0.3570936 0.30641920000000006 2.719757994957073e-09
0.7000000000000001 0.5 0.6000000000000001 0.35091560000000005 0.12329480272000001 0.3562544 0.29283 2.756168921072386e-09
0.7000000000000001 0.5 0.65 0.36311400000000005 0.13200067823999997 0.356752 0.280134 2.8092749233628727e-09
0.7000000000000001 0.5 0.7000000000000001 0.3748216 0.14063743743999998 0.3575212 0.2676572 2.760470565558028e-09
0.7000000000000001 0.5 0.75 0.38437840000000006 0.14789231808 0.358882 0.2567396 2.684711315070359e-09
0.7000000000000001 0.5 0.8 0.3940692 0.15542241839999998 0.3605631999999999 0.24536760000000002 2.413055366267108e-09
0.7000000000000001 0.5 0.8500000000000001 0.40107640000000006 0.16099025584000004 0.363308 0.23561560000000004 2.17588069449595e-09
0.7000000000000001 0.5 0.9 0.4085096 0.16700744543999999 0.36407280000000003 0.2274176 2.241708356693945e-09
0.7000000000000001 0.5 0.9500000000000001 0.4152396 0.17254911407999998 0.36519959999999996 0.2195608 2.3557592717107274e-09
0.7000000000000001 0.5 1.0 0.4216332 0.17790240336 0.3673576 0.21100919999999998 2.1535751633794248e-09
0.75 0.5 0.0 0.0 0.0 0.0676 0.9323999999999999 0.0
0.75 0.5 0.05 0.0 0.0 0.9998296 0.0001704 0.0
0.75 0.5 0.1 0.07412440000000001 0.005744337120000001 0.5548116 0.371064 4.18028834773368e-09
0.75 0.5 0.15000000000000002 0.12385639999999999 0.01557748784 0.462176 0.4139676 4.142444326596925e-09
0.75 0.5 0.2 0.1700516 0.029089576800000003 0.4061296 0.4238188 3.1410612262623317e-09
0.75 0.5 0.25 0.2075028 0.043203776160000006 0.3772832 0.41521399999999997 2.5036276525401505e-09
0.75 0.5 0.30000000000000004 0.2414048 0.05846138304 0.3570512 0.40154399999999996 3.3236024354700373e-09
0.75 0.5 0.35000000000000003 0.2690836 0.07257474544 0.34700919999999996 0.3839072 3.036955900975662e-09
0.75 0.5 0.4 0.29282280000000005 0.085894084 0.3409324 0.36624480000000004 2.7733172379830423e-09
0.75 0.5 0.45 0.3137116 0.098554612 0.3372812 0.3490072 2.542616152881724e-09
0.75 0.5 0.5 0.3323920000000001 0.11063676000000001 0.3348036 0.3328044 2.8273696416745547e-09
0.75 0.5 0.55 0.3482844 0.12144358672 0.33553879999999997 0.3161768 2.581126963644866e-09
0.75 0.5 0.6000000000000001 0.361884 0.13112034912 0.33579359999999997 0.3023224 2.805662404617148e-09
0.75 0.5 0.65 0.37465719999999997 0.14049711216000002 0.33609000000000006 0.2892528 2.2874076477041566e-09
0.75 0.5 0.7000000000000001 0.3862388 0.14932265328 0.33817359999999996 0.2755876 2.822858665029214e-09
0.75 0.5 0.75 0.39711519999999995 0.15785438976 0.3384692 0.2644156 2.7562314829936705e-09
0.75 0.5 0.8 0.40598439999999997 0.16495944623999997 0.3403148 0.2537008 2.451881893599867e-09
0.75 0.5 0.8500000000000001 0.4136752 0.171260528 0.3432172 0.24310759999999998 2.433311812027469e-09
0.75 0.5 0.9 0.42071840000000005 0.17712828416 0.3447628 0.2345188 2.168609745360087e-09
0.75 0.5 0.9500000000000001 0.43046400000000007 0.18543543808 0.344034 0.225502 2.5630551788020027e-09
0.75 0.5 1.0 0.43550800000000006 0.18980629856 0.3466848 0.21780720000000003 2.4241025898325097e-09
0.8 0.5 0.0 0.0 0.0 0.0732 0.9268 0.0
0.8 0.5 0.05 0.0 0.0 0.9998456 0.0001544 0.0
0.8 0.5 0.1 0.0797448 0.00665846752 0.5215708 0.3986844 5.2826950989398635e-09
0.8 0.5 0.15000000000000002 0.13057280000000002 0.017302080959999997 0.436208 0.4332192 4.489633186321432e-09
0.8 0.5 0.2 0.17483279999999995 0.03077134688 0.38711399999999996 0.43805320000000003 3.7008165449901498e-09
0.8 0.5 0.25 0.2139872 0.04595961152 0.35806079999999996 0.427952 3.0493329800297408e-09
0.8 0.5 0.30000000000000004 0.2483524 0.06184866864 0.3378348 0.4138128 3.097515678093507e-09
0.8 0.5 0.35000000000000003 0.27709280000000003 0.07693658144 0.327512 0.3953952 2.7260313063943414e-09
0.8 0.5 0.4 0.3019084 0.09129226512 0.32087400000000005 0.3772176 2.4761364567045625e-09
0.8 0.5 0.45 0.3233084 0.10467955888 0.3170004 0.3596912 2.7275442133192035e-09
0.8 0.5 0.5 0.34233119999999995 0.11732322304000001 0.31554319999999997 0.34212560000000003 2.531538373457081e-09
0.8 0.5 0.55 0.358144 0.12840444928 0.3162724 0.3255835999999999 2.3883225747211196e-09
0.8 0.5 0.6000000000000001 0.3725256 0.13891809984 0.3174864 0.30998799999999993 2.6033825790160088e-09
0.8 0.5 0.65 0.3853044 0.14859987183999998 0.3179052 0.29679039999999995 2.4211485600930254e-09
0.8 0.5 0.7000000000000001 0.397094 0.15781846223999998 0.319336 0.28357000000000004 2.435702063700849e-09
0.8 0.5 0.75 0.4086 0.16708101024 0.3199016 0.2714984 2.11705133695495e-09
0.8 0.5 0.8 0.4161692000000001 0.17333096912 0.3232152 0.2606156 2.4270666079334604e-09
0.8 0.5 0.8500000000000001 0.4252328 0.18094622976 0.32403879999999996 0.2507284 2.1200192142591e-09
0.8 0.5 0.9 0.4330044 0.18762400944000002 0.3262508 0.2407448 2.2266338746735943e-09
0.8 0.5 0.9500000000000001 0.43908959999999997 0.19292074336 0.32832719999999993 0.23258320000000002 2.0334569780111058e-09
0.8 0.5 1.0 0.44702319999999995 0.1999618688 0.3293776 0.22359920000000003 2.5732975588732573e-09
0.8500000000000001 0.5 0.0 0.0 0.0 0.06720000000000002 0.9328000000000002 0.0
0.8500000000000001 0.5 0.05 0.002018 9.089744e-05 0.9705152 0.0274668 6.054087260291031e-09
0.8500000000000001 0.5 0.1 0.08239120000000001 0.0071081350400000005 0.5079127999999999 0.40969599999999995 5.3939655461421925e-09
0.8500000000000001 0.5 0.15000000000000002 0.1350428 0.0185153192 0.4163288 0.4486284 4.303748507919547e-09
0.8500000000000001 0.5 0.2 0.1817368 0.03322684416 0.36610919999999997 0.452154 3.5470973559829885e-09
0.8500000000000001 0.5 0.25 0.2213176 0.04916229312 0.33569640000000006 0.442986 2.9098391363085347e-09
0.8500000000000001 0.5 0.30000000000000004 0.2551568 0.06526556416 0.31859799999999994 0.4262452 2.8422047517535524e-09
0.8500000000000001 0.5 0.35000000000000003 0.2850716 0.08142860208 0.30939439999999996 0.405534 2.881931273294481e-09
0.8500000000000001 0.5 0.4 0.3097932 0.09612100464 0.3031924 0.38701440000000004 2.6761752325096587e-09
0.8500000000000001 0.5 0.45 0.3311352 0.10979523840000001 0.30030599999999996 0.3685588 2.5688839205799008e-09
0.8500000000000001 0.5 0.5 0.35017719999999997 0.1227745416 0.2997844 0.3500384 2.713270795662892e-09
0.8500000000000001 0.5 0.55 0.36710000000000004 0.134909824 0.2997812 0.33311879999999994 2.614570532951075e-09
0.8500000000000001 0.5 0.6000000000000001 0.380574 0.14496327375999998 0.3008732 0.3185528 2.3242441598217374e-09
0.8500000000000001 0.5 0.65 0.395774 0.15676837712 0.30077719999999997 0.3034488 2.461786903770856e-09
0.8500000000000001 0.5 0.7000000000000001 0.4060544 0.16501439103999999 0.3036588 0.29028679999999996 2.461552903042807e-09
0.8500000000000001 0.5 0.75 0.4173428 0.17430505104 0.3046316 0.2780256 2.2175676639173443e-09
0.8500000000000001 0.5 0.8 0.42663639999999997 0.18214694704 0.30663 0.2667336 2.3731284419259434e-09
0.8500000000000001 0.5 0.8500000000000001 0.4357 0.18995366144000003 0.307484 0.25681600000000004 2.092925387295937e-09
0.8500000000000001 0.5 0.9 0.44443 0.19765116208 0.3089848 0.24658519999999998 2.322088353284016e-09
0.8500000000000001 0.5 0.9500000000000001 0.45108760000000003 0.20360380624 0.3117284 0.23718400000000003 2.1744161056337253e-09
0.8500000000000001 0.5 1.0 0.457798 0.209713084 0.31305560000000004 0.2291464 2.2736618930777113e-09
0.9 0.5 0.0 0.0 0.0 0.06479999999999998 0.9352 0.0
0.9 0.5 0.05 0.0 0.0 0.99979 0.00021 0.0
0.9 0.5 0.1 0.08502199999999999 0.0074884958400000005 0.48861080000000007 0.4263672 4.3034306257383944e-09
0.9 0.5 0.15000000000000002 0.1371832 0.01907438528 0.4048972 0.4579195999999999 4.305202747266972e-09
0.9 0.5 0.2 0.18636239999999998 0.03491125823999999 0.348384 0.4652536 3.237820698908623e-09
0.9 0.5 0.25 0.22624120000000003 0.05137482288 0.3206252 0.4531336 3.4305219180179124e-09
0.9 0.5 0.30000000000000004 0.26116 0.06836037791999999 0.30282119999999996 0.4360188 2.8041976743602424e-09
0.9 0.5 0.35000000000000003 0.29001920000000003 0.08427753247999999 0.29461160000000003 0.4153692 2.911582201976649e-09
0.9 0.5 0.4 0.3171752 0.10074724575999999 0.28725120000000004 0.3955736000000001 2.5024911273808566e-09
0.9 0.5 0.45 0.33873200000000003 0.11487780128 0.28509720000000005 0.37617079999999997 2.593548713630269e-09
0.9 0.5 0.5 0.3579696 0.12828194176 0.2841648 0.35786559999999995 2.4340025984577487e-09
0.9 0.5 0.55 0.3747456 0.14056959392 0.284494 0.3407604 2.410165128308441e-09
0.9 0.5 0.6000000000000001 0.3897672 0.15205897696 0.2856092 0.3246236 2.4541374773078575e-09
0.9 0.5 0.65 0.403408 0.16286670656000002 0.28713200000000005 0.30946 2.1658112880268613e-09
0.9 0.5 0.7000000000000001 0.41469359999999994 0.17212357343999998 0.2889324 0.296374 2.8254108233427245e-09
0.9 0.5 0.75 0.42646439999999997 0.18199920432 0.2899024 0.2836332 2.5027676853270415e-09
0.9 0.5 0.8 0.4351816 0.18951137248 0.29192519999999994 0.2728932 2.401124561332472e-09
0.9 0.5 0.8500000000000001 0.44404000000000005 0.19730280096000002 0.29366919999999996 0.2622908 2.5426138444193372e-09
0.9 0.5 0.9 0.4533432 0.20564147552 0.29476440000000004 0.2518924 2.1255139539106784e-09
0.9 0.5 0.9500000000000001 0.45930719999999997 0.21109233504 0.2980008 0.24269200000000002 2.1967884001228493e-09
0.9 0.5 1.0 0.4669964 0.21821057936 0.2990932 0.2339104 2.1509742652668327e-09
0.9500000000000001 0.5 0.0 0.0 0.0 0.0664 0.9336 0.0
0.9500000000000001 0.5 0.05 0.0 0.0 0.9998184 0.0001816 0.0
0.9500000000000001 0.5 0.1 0.0897124 0.008329563679999999 0.4644216 0.445866 4.629538960711138e-09
0.9500000000000001 0.5 0.15000000000000002 0.1424212 0.02049591728 0.38143360000000004 0.4761452 3.677961846623686e-09
0.9500000000000001 0.5 0.2 0.18985760000000002 0.03622061888 0.3352984 0.474844 3.08098227531379e-09
0.9500000000000001 0.5 0.25 0.23315719999999998 0.0545303704 0.30343600000000004 0.46340679999999995 2.952028652426209e-09
0.9500000000000001 0.5 0.30000000000000004 0.26610280000000003 0.07096801520000001 0.289802 0.44409519999999997 2.7265533869563036e-09
0.9500000000000001 0.5 0.35000000000000003 0.29681240000000003 0.08824620912 0.2795308 0.4236568 2.5702870220099238e-09
0.9500000000000001 0.5 0.4 0.3219572 0.1038065672 0.2751236 0.4029192 2.560740254824216e-09
0.9500000000000001 0.5 0.45 0.34486839999999996 0.1190791224 0.2715828 0.3835488 2.520306673887222e-09
0.9500000000000001 0.5 0.5 0.36438760000000003 0.13293882031999998 0.27057279999999995 0.3650396 2.8796882195168293e-09
0.9500000000000001 0.5 0.55 0.3818172 0.14592495504 0.2713908 0.34679200000000004 2.5834817616532597e-09
0.9500000000000001 0.5 0.6000000000000001 0.3965632 0.1574171024 0.2722928 0.331144 2.8684074405589832e-09
0.9500000000000001 0.5 0.65 0.409646 0.16794739056 0.27474400000000004 0.31561 2.404498634341535e-09
0.9500000000000001 0.5 0.7000000000000001 0.4225164 0.178649476 0.27573919999999996 0.30174439999999997 2.258821525042722e-09
0.9500000000000001 0.5 0.75 0.43388439999999995 0.18838905232000003 0.276616 0.28949959999999997 2.4458891727278584e-09
0.9500000000000001 0.5 0.8 0.4444908 0.19769644496 0.278486 0.27702319999999997 2.361736924432241e-09
0.9500000000000001 0.5 0.8500000000000001 0.45394280000000004 0.20618601168000003 0.2796652 0.266392 2.2638185799087992e-09
0.9500000000000001 0.5 0.9 0.4620828 0.21365119024 0.28161200000000003 0.2563052 2.3024303570066983e-09
0.9500000000000001 0.5 0.9500000000000001 0.4685872 0.21970462176 0.2841148 0.24729799999999996 2.262001585531707e-09
0.9500000000000001 0.5 1.0 0.475274 0.22600959888 0.2861396 0.2385864 2.195850563260621e-09
1.0 0.5 0.0 0.0 0.0 0.06720000000000002 0.9328000000000002 0.0
1.0 0.5 0.05 0.0 0.0 0.9998048 0.0001952 0.0
1.0 0.5 0.1 0.09214479999999999 0.00878186144 0.4471792 0.460676 5.793747090400893e-09
1.0 0.5 0.15000000000000002 0.1466848 0.021716871359999997 0.3670144 0.4863008 3.633426674729346e-09
1.0 0.5 0.2 0.19530560000000002 0.03829759168000001 0.3167788 0.4879156 2.6721873902559568e-09
1.0 0.5 0.25 0.23645560000000002 0.05610189648 0.2921304 0.47141400000000006 3.4289338045009284e-09
1.0 0.5 0.30000000000000004 0.2714472 0.07384992608 0.2755116 0.4530412 2.756840729251179e-09
1.0 0.5 0.35000000000000003 0.3017108 0.09120272784 0.266904 0.4313852 3.098133201219905e-09
1.0 0.5 0.4 0.3281128 0.10780115968 0.2616576 0.4102296 2.4867484675755964e-09
1.0 0.5 0.45 0.3509524 0.12330776816000001 0.25945680000000004 0.38959079999999996 2.4386318683036082e-09
1.0 0.5 0.5 0.37126119999999996 0.13798853552000004 0.2584948 0.37024399999999996 2.7785423483733002e-09
1.0 0.5 0.55 0.3881632 0.1507979536 0.2594652 0.3523716 2.3108710679299118e-09
1.0 0.5 0.6000000000000001 0.4033131999999999 0.16280306351999999 0.260124 0.3365628 2.4105568174502715e-09
1.0 0.5 0.65 0.41721119999999995 0.17418919232000002 0.2615664 0.3212224 2.241956916237239e-09
1.0 0.5 0.7000000000000001 0.43010519999999997 0.18512475184 0.26320960000000004 0.3066852 2.2439911237045175e-09
1.0 0.5 0.75 0.44102800000000003 0.19464094112000002 0.2651752 0.29379679999999997 2.5670021580810055e-09
1.0 0.5 0.8 0.4502568 0.20284605792 0.2671336 0.2826096 2.1308007394173142e-09
1.0 0.5 0.8500000000000001 0.4602652 0.21197608112 0.2687432 0.2709916 2.4775703963515932e-09
1.0 0.5 0.9 0.46996839999999995 0.22100674255999997 0.2697379999999999 0.2602936 2.312115941959374e-09
1.0 0.5 0.9500000000000001 0.47743320000000006 0.22806990544000003 0.27174200000000004 0.2508248 2.154741980726021e-09
1.0 0.5 1.0 0.484942 0.2352893848 0.2729464 0.2421116 2.1402858478867407e-09
