p1 p2 p3 <I> <I^2>
1.0 0.5 0.0 0.0 0.0
1.0 0.5 0.05 0.0 0.0
1.0 0.5 0.1 0.0 0.0
1.0 0.5 0.15000000000000002 0.0 0.0
1.0 0.5 0.2 0.0 0.0
1.0 0.5 0.25 1.838 33.15
1.0 0.5 0.30000000000000004 125.872 17119.76
1.0 0.5 0.35000000000000003 271.111 75151.063
1.0 0.5 0.4 406.733 166959.397
1.0 0.5 0.45 514.014 265455.32
1.0 0.5 0.5 606.065 368493.531
1.0 0.5 0.55 687.554 473737.556
1.0 0.5 0.6000000000000001 762.862 583105.566
1.0 0.5 0.65 830.916 691357.886
1.0 0.5 0.7000000000000001 894.934 801889.708
1.0 0.5 0.75 945.946 895953.844
1.0 0.5 0.8 1004.084 1009048.376
1.0 0.5 0.8500000000000001 1052.137 1107925.071
1.0 0.5 0.9 1095.601 1201093.441
1.0 0.5 0.9500000000000001 1136.704 1292849.682
1.0 0.5 1.0 1177.295 1386844.537
0.9500000000000001 0.5 0.0 0.0 0.0
0.9500000000000001 0.5 0.05 0.0 0.0
0.9500000000000001 0.5 0.1 0.0 0.0
0.9500000000000001 0.5 0.15000000000000002 0.0 0.0
0.9500000000000001 0.5 0.2 0.0 0.0
0.9500000000000001 0.5 0.25 0.076 0.756
0.9500000000000001 0.5 0.30000000000000004 20.358 1273.808
0.9500000000000001 0.5 0.35000000000000003 238.225 58095.323
0.9500000000000001 0.5 0.4 369.418 138078.824
0.9500000000000001 0.5 0.45 476.47 228484.43
0.9500000000000001 0.5 0.5 574.706 331503.36
0.9500000000000001 0.5 0.55 649.319 422816.297
0.9500000000000001 0.5 0.6000000000000001 730.641 534929.109
0.9500000000000001 0.5 0.65 790.959 626580.429
0.9500000000000001 0.5 0.7000000000000001 851.338 725765.472
0.9500000000000001 0.5 0.75 910.023 829080.513
0.9500000000000001 0.5 0.8 962.094 926526.944
0.9500000000000001 0.5 0.8500000000000001 1009.127 1019174.833
0.9500000000000001 0.5 0.9 1057.165 1118449.853
0.9500000000000001 0.5 0.9500000000000001 1097.977 1206459.203
0.9500000000000001 0.5 1.0 1134.52 1287900.234
0.9 0.5 0.0 0.0 0.0
0.9 0.5 0.05 0.0 0.0
0.9 0.5 0.1 0.0 0.0
0.9 0.5 0.15000000000000002 0.0 0.0
0.9 0.5 0.2 0.0 0.0
0.9 0.5 0.25 0.0 0.0
0.9 0.5 0.30000000000000004 4.256 272.074
0.9 0.5 0.35000000000000003 190.491 38409.575
0.9 0.5 0.4 328.256 109172.446
0.9 0.5 0.45 435.48 191178.356
0.9 0.5 0.5 524.813 276612.345
0.9 0.5 0.55 612.699 376589.577
0.9 0.5 0.6000000000000001 689.158 476103.312
0.9 0.5 0.65 748.896 561977.61
0.9 0.5 0.7000000000000001 810.397 657973.175
0.9 0.5 0.75 867.341 753346.169
0.9 0.5 0.8 920.129 847619.281
0.9 0.5 0.8500000000000001 966.268 934666.584
0.9 0.5 0.9 1012.619 1026357.725
0.9 0.5 0.9500000000000001 1051.136 1105797.94
0.9 0.5 1.0 1085.729 1179653.091
0.8500000000000001 0.5 0.0 0.0 0.0
0.8500000000000001 0.5 0.05 0.0 0.0
0.8500000000000001 0.5 0.1 0.0 0.0
0.8500000000000001 0.5 0.15000000000000002 0.0 0.0
0.8500000000000001 0.5 0.2 0.0 0.0
0.8500000000000001 0.5 0.25 0.087 0.487
0.8500000000000001 0.5 0.30000000000000004 0.005 0.013
0.8500000000000001 0.5 0.35000000000000003 104.413 12632.709
0.8500000000000001 0.5 0.4 272.643 76037.137
0.8500000000000001 0.5 0.45 378.068 144282.052
0.8500000000000001 0.5 0.5 484.883 236633.943
0.8500000000000001 0.5 0.55 565.403 321074.767
0.8500000000000001 0.5 0.6000000000000001 642.249 413718.141
0.8500000000000001 0.5 0.65 708.865 503704.489
0.8500000000000001 0.5 0.7000000000000001 765.465 586881.499
0.8500000000000001 0.5 0.75 821.246 675501.378
0.8500000000000001 0.5 0.8 872.928 763144.08
0.8500000000000001 0.5 0.8500000000000001 921.897 850909.065
0.8500000000000001 0.5 0.9 957.403 917536.085
0.8500000000000001 0.5 0.9500000000000001 1000.149 1001218.065
0.8500000000000001 0.5 1.0 1035.337 1072767.345
0.8 0.5 0.0 0.0 0.0
0.8 0.5 0.05 0.0 0.0
0.8 0.5 0.1 0.0 0.0
0.8 0.5 0.15000000000000002 0.0 0.0
0.8 0.5 0.2 0.0 0.0
0.8 0.5 0.25 0.0 0.0
0.8 0.5 0.30000000000000004 2.552 53.438
0.8 0.5 0.35000000000000003 5.242 142.34
0.8 0.5 0.4 199.932 41520.904
0.8 0.5 0.45 325.803 108394.321
0.8 0.5 0.5 425.464 182658.588
0.8 0.5 0.55 513.508 265020.348
0.8 0.5 0.6000000000000001 581.62 339802.762
0.8 0.5 0.65 654.763 429752.151
0.8 0.5 0.7000000000000001 713.59 510456.586
0.8 0.5 0.75 771.855 596832.121
0.8 0.5 0.8 817.106 668713.402
0.8 0.5 0.8500000000000001 864.073 747711.705
0.8 0.5 0.9 906.138 822048.306
0.8 0.5 0.9500000000000001 946.137 896002.229
0.8 0.5 1.0 976.475 954520.083
0.75 0.5 0.0 0.0 0.0
0.75 0.5 0.05 0.0 0.0
0.75 0.5 0.1 0.0 0.0
0.75 0.5 0.15000000000000002 0.0 0.0
0.75 0.5 0.2 0.0 0.0
0.75 0.5 0.25 0.0 0.0
0.75 0.5 0.30000000000000004 0.0 0.0
0.75 0.5 0.35000000000000003 3.606 141.688
0.75 0.5 0.4 88.085 10164.963
0.75 0.5 0.45 237.816 58184.844
0.75 0.5 0.5 356.977 129094.693
0.75 0.5 0.55 453.98 207531.716
0.75 0.5 0.6000000000000001 522.064 273961.082
0.75 0.5 0.65 594.358 354779.364
0.75 0.5 0.7000000000000001 643.657 415208.441
0.75 0.5 0.75 705.49 498935.246
0.75 0.5 0.8 755.693 572165.009
0.75 0.5 0.8500000000000001 802.749 645490.975
0.75 0.5 0.9 842.554 711106.298
0.75 0.5 0.9500000000000001 879.042 773651.774
0.75 0.5 1.0 914.828 837892.752
0.7000000000000001 0.5 0.0 0.0 0.0
0.7000000000000001 0.5 0.05 0.0 0.0
0.7000000000000001 0.5 0.1 0.0 0.0
0.7000000000000001 0.5 0.15000000000000002 0.0 0.0
0.7000000000000001 0.5 0.2 0.0 0.0
0.7000000000000001 0.5 0.25 0.0 0.0
0.7000000000000001 0.5 0.30000000000000004 0.0 0.0
0.7000000000000001 0.5 0.35000000000000003 0.439 4.505
0.7000000000000001 0.5 0.4 1.182 23.178
0.7000000000000001 0.5 0.45 121.009 16272.391
0.7000000000000001 0.5 0.5 259.266 68657.466
0.7000000000000001 0.5 0.55 364.662 134484.01
0.7000000000000001 0.5 0.6000000000000001 441.634 196376.304
0.7000000000000001 0.5 0.65 507.301 258757.873
0.7000000000000001 0.5 0.7000000000000001 570.031 326156.361
0.7000000000000001 0.5 0.75 627.546 395039.766
0.7000000000000001 0.5 0.8 679.348 462653.046
0.7000000000000001 0.5 0.8500000000000001 727.561 530622.161
0.7000000000000001 0.5 0.9 771.275 595929.289
0.7000000000000001 0.5 0.9500000000000001 806.544 651658.67
0.7000000000000001 0.5 1.0 837.588 702580.06
0.65 0.5 0.0 0.0 0.0
0.65 0.5 0.05 0.0 0.0
0.65 0.5 0.1 0.0 0.0
0.65 0.5 0.15000000000000002 0.0 0.0
0.65 0.5 0.2 0.0 0.0
0.65 0.5 0.25 0.0 0.0
0.65 0.5 0.30000000000000004 0.0 0.0
0.65 0.5 0.35000000000000003 0.265 3.149
0.65 0.5 0.4 0.361 6.977
0.65 0.5 0.45 4.055 230.923
0.65 0.5 0.5 146.491 22298.211
0.65 0.5 0.55 235.216 57703.236
0.65 0.5 0.6000000000000001 331.986 111553.98
0.65 0.5 0.65 424.434 182031.704
0.65 0.5 0.7000000000000001 480.447 232275.537
0.65 0.5 0.75 541.869 294994.201
0.65 0.5 0.8 588.805 348069.697
0.65 0.5 0.8500000000000001 640.713 411744.949
0.65 0.5 0.9 684.37 469291.192
0.65 0.5 0.9500000000000001 717.17 515547.352
0.65 0.5 1.0 752.983 568174.385
0.6000000000000001 0.5 0.0 0.0 0.0
0.6000000000000001 0.5 0.05 0.0 0.0
0.6000000000000001 0.5 0.1 0.0 0.0
0.6000000000000001 0.5 0.15000000000000002 0.0 0.0
0.6000000000000001 0.5 0.2 0.0 0.0
0.6000000000000001 0.5 0.25 0.0 0.0
0.6000000000000001 0.5 0.30000000000000004 0.0 0.0
0.6000000000000001 0.5 0.35000000000000003 0.0 0.0
0.6000000000000001 0.5 0.4 0.014 0.058
0.6000000000000001 0.5 0.45 0.234 3.37
0.6000000000000001 0.5 0.5 2.158 61.694
0.6000000000000001 0.5 0.55 32.302 3933.478
0.6000000000000001 0.5 0.6000000000000001 181.979 34818.687
0.6000000000000001 0.5 0.65 265.038 72177.606
0.6000000000000001 0.5 0.7000000000000001 348.571 123590.031
0.6000000000000001 0.5 0.75 414.358 173238.964
0.6000000000000001 0.5 0.8 471.837 224323.551
0.6000000000000001 0.5 0.8500000000000001 516.596 268196.608
0.6000000000000001 0.5 0.9 567.034 322616.976
0.6000000000000001 0.5 0.9500000000000001 604.86 366967.05
0.6000000000000001 0.5 1.0 645.1 417584.478
0.55 0.5 0.0 0.0 0.0
0.55 0.5 0.05 0.0 0.0
0.55 0.5 0.1 0.0 0.0
0.55 0.5 0.15000000000000002 0.0 0.0
0.55 0.5 0.2 0.0 0.0
0.55 0.5 0.25 0.0 0.0
0.55 0.5 0.30000000000000004 0.0 0.0
0.55 0.5 0.35000000000000003 0.0 0.0
0.55 0.5 0.4 0.098 0.644
0.55 0.5 0.45 1.042 13.724
0.55 0.5 0.5 0.0 0.0
0.55 0.5 0.55 5.321 165.801
0.55 0.5 0.6000000000000001 6.028 222.55
0.55 0.5 0.65 8.596 761.518
0.55 0.5 0.7000000000000001 145.613 22999.669
0.55 0.5 0.75 215.489 49906.243
0.55 0.5 0.8 295.916 89017.2
0.55 0.5 0.8500000000000001 369.76 138109.212
0.55 0.5 0.9 418.692 176983.86
0.55 0.5 0.9500000000000001 476.76 228605.07
0.55 0.5 1.0 508.618 259970.856
0.5 0.5 0.0 0.0 0.0
0.5 0.5 0.05 0.0 0.0
0.5 0.5 0.1 0.0 0.0
0.5 0.5 0.15000000000000002 0.0 0.0
0.5 0.5 0.2 0.0 0.0
0.5 0.5 0.25 0.0 0.0
0.5 0.5 0.30000000000000004 0.0 0.0
0.5 0.5 0.35000000000000003 0.0 0.0
0.5 0.5 0.4 0.0 0.0
0.5 0.5 0.45 0.0 0.0
0.5 0.5 0.5 0.149 1.239
0.5 0.5 0.55 0.005 0.007
0.5 0.5 0.6000000000000001 1.323 19.047
0.5 0.5 0.65 7.177 227.283
0.5 0.5 0.7000000000000001 5.862 163.92
0.5 0.5 0.75 9.748 439.37
0.5 0.5 0.8 72.542 8335.624
0.5 0.5 0.8500000000000001 88.964 11883.662
0.5 0.5 0.9 212.28 47186.574
0.5 0.5 0.9500000000000001 247.806 63388.868
0.5 0.5 1.0 287.626 84628.37
0.45 0.5 0.0 0.0 0.0
0.45 0.5 0.05 0.0 0.0
0.45 0.5 0.1 0.0 0.0
0.45 0.5 0.15000000000000002 0.0 0.0
0.45 0.5 0.2 0.0 0.0
0.45 0.5 0.25 0.0 0.0
0.45 0.5 0.30000000000000004 0.0 0.0
0.45 0.5 0.35000000000000003 0.0 0.0
0.45 0.5 0.4 0.0 0.0
0.45 0.5 0.45 0.004 0.006
0.45 0.5 0.5 0.0 0.0
0.45 0.5 0.55 0.0 0.0
0.45 0.5 0.6000000000000001 0.0 0.0
0.45 0.5 0.65 0.0 0.0
0.45 0.5 0.7000000000000001 0.467 7.271
0.45 0.5 0.75 0.913 14.333
0.45 0.5 0.8 0.017 0.093
0.45 0.5 0.8500000000000001 1.189 24.491
0.45 0.5 0.9 2.021 94.773
0.45 0.5 0.9500000000000001 1.238 35.154
0.45 0.5 1.0 6.13 555.302
0.4 0.5 0.0 0.0 0.0
0.4 0.5 0.05 0.0 0.0
0.4 0.5 0.1 0.0 0.0
0.4 0.5 0.15000000000000002 0.0 0.0
0.4 0.5 0.2 0.0 0.0
0.4 0.5 0.25 0.0 0.0
0.4 0.5 0.30000000000000004 0.0 0.0
0.4 0.5 0.35000000000000003 0.0 0.0
0.4 0.5 0.4 0.0 0.0
0.4 0.5 0.45 0.0 0.0
0.4 0.5 0.5 0.0 0.0
0.4 0.5 0.55 0.0 0.0
0.4 0.5 0.6000000000000001 0.0 0.0
0.4 0.5 0.65 0.0 0.0
0.4 0.5 0.7000000000000001 0.0 0.0
0.4 0.5 0.75 0.0 0.0
0.4 0.5 0.8 0.0 0.0
0.4 0.5 0.8500000000000001 0.0 0.0
0.4 0.5 0.9 0.677 9.473
0.4 0.5 0.9500000000000001 0.078 0.98
0.4 0.5 1.0 0.089 1.067
0.35000000000000003 0.5 0.0 0.0 0.0
0.35000000000000003 0.5 0.05 0.0 0.0
0.35000000000000003 0.5 0.1 0.0 0.0
0.35000000000000003 0.5 0.15000000000000002 0.0 0.0
0.35000000000000003 0.5 0.2 0.0 0.0
0.35000000000000003 0.5 0.25 0.0 0.0
0.35000000000000003 0.5 0.30000000000000004 0.0 0.0
0.35000000000000003 0.5 0.35000000000000003 0.0 0.0
0.35000000000000003 0.5 0.4 0.0 0.0
0.35000000000000003 0.5 0.45 0.0 0.0
0.35000000000000003 0.5 0.5 0.0 0.0
0.35000000000000003 0.5 0.55 0.0 0.0
0.35000000000000003 0.5 0.6000000000000001 0.0 0.0
0.35000000000000003 0.5 0.65 0.0 0.0
0.35000000000000003 0.5 0.7000000000000001 0.0 0.0
0.35000000000000003 0.5 0.75 0.0 0.0
0.35000000000000003 0.5 0.8 0.0 0.0
0.35000000000000003 0.5 0.8500000000000001 0.0 0.0
0.35000000000000003 0.5 0.9 0.0 0.0
0.35000000000000003 0.5 0.9500000000000001 0.0 0.0
0.35000000000000003 0.5 1.0 0.0 0.0
0.30000000000000004 0.5 0.0 0.0 0.0
0.30000000000000004 0.5 0.05 0.0 0.0
0.30000000000000004 0.5 0.1 0.0 0.0
0.30000000000000004 0.5 0.15000000000000002 0.0 0.0
0.30000000000000004 0.5 0.2 0.0 0.0
0.30000000000000004 0.5 0.25 0.0 0.0
0.30000000000000004 0.5 0.30000000000000004 0.0 0.0
0.30000000000000004 0.5 0.35000000000000003 0.0 0.0
0.30000000000000004 0.5 0.4 0.0 0.0
0.30000000000000004 0.5 0.45 0.0 0.0
0.30000000000000004 0.5 0.5 0.0 0.0
0.30000000000000004 0.5 0.55 0.0 0.0
0.30000000000000004 0.5 0.6000000000000001 0.0 0.0
0.30000000000000004 0.5 0.65 0.0 0.0
0.30000000000000004 0.5 0.7000000000000001 0.0 0.0
0.30000000000000004 0.5 0.75 0.0 0.0
0.30000000000000004 0.5 0.8 0.0 0.0
0.30000000000000004 0.5 0.8500000000000001 0.0 0.0
0.30000000000000004 0.5 0.9 0.0 0.0
0.30000000000000004 0.5 0.9500000000000001 0.0 0.0
0.30000000000000004 0.5 1.0 0.0 0.0
0.25 0.5 0.0 0.0 0.0
0.25 0.5 0.05 0.0 0.0
0.25 0.5 0.1 0.0 0.0
0.25 0.5 0.15000000000000002 0.0 0.0
0.25 0.5 0.2 0.0 0.0
0.25 0.5 0.25 0.0 0.0
0.25 0.5 0.30000000000000004 0.0 0.0
0.25 0.5 0.35000000000000003 0.0 0.0
0.25 0.5 0.4 0.0 0.0
0.25 0.5 0.45 0.0 0.0
0.25 0.5 0.5 0.0 0.0
0.25 0.5 0.55 0.0 0.0
0.25 0.5 0.6000000000000001 0.0 0.0
0.25 0.5 0.65 0.0 0.0
0.25 0.5 0.7000000000000001 0.0 0.0
0.25 0.5 0.75 0.0 0.0
0.25 0.5 0.8 0.0 0.0
0.25 0.5 0.8500000000000001 0.0 0.0
0.25 0.5 0.9 0.0 0.0
0.25 0.5 0.9500000000000001 0.0 0.0
0.25 0.5 1.0 0.0 0.0
0.2 0.5 0.0 0.0 0.0
0.2 0.5 0.05 0.0 0.0
0.2 0.5 0.1 0.0 0.0
0.2 0.5 0.15000000000000002 0.0 0.0
0.2 0.5 0.2 0.0 0.0
0.2 0.5 0.25 0.0 0.0
0.2 0.5 0.30000000000000004 0.0 0.0
0.2 0.5 0.35000000000000003 0.0 0.0
0.2 0.5 0.4 0.0 0.0
0.2 0.5 0.45 0.0 0.0
0.2 0.5 0.5 0.0 0.0
0.2 0.5 0.55 0.0 0.0
0.2 0.5 0.6000000000000001 0.0 0.0
0.2 0.5 0.65 0.0 0.0
0.2 0.5 0.7000000000000001 0.0 0.0
0.2 0.5 0.75 0.0 0.0
0.2 0.5 0.8 0.0 0.0
0.2 0.5 0.8500000000000001 0.0 0.0
0.2 0.5 0.9 0.0 0.0
0.2 0.5 0.9500000000000001 0.0 0.0
0.2 0.5 1.0 0.0 0.0
0.15000000000000002 0.5 0.0 0.0 0.0
0.15000000000000002 0.5 0.05 0.0 0.0
0.15000000000000002 0.5 0.1 0.0 0.0
0.15000000000000002 0.5 0.15000000000000002 0.0 0.0
0.15000000000000002 0.5 0.2 0.0 0.0
0.15000000000000002 0.5 0.25 0.0 0.0
0.15000000000000002 0.5 0.30000000000000004 0.0 0.0
0.15000000000000002 0.5 0.35000000000000003 0.0 0.0
0.15000000000000002 0.5 0.4 0.0 0.0
0.15000000000000002 0.5 0.45 0.0 0.0
0.15000000000000002 0.5 0.5 0.0 0.0
0.15000000000000002 0.5 0.55 0.0 0.0
0.15000000000000002 0.5 0.6000000000000001 0.0 0.0
0.15000000000000002 0.5 0.65 0.0 0.0
0.15000000000000002 0.5 0.7000000000000001 0.0 0.0
0.15000000000000002 0.5 0.75 0.0 0.0
0.15000000000000002 0.5 0.8 0.0 0.0
0.15000000000000002 0.5 0.8500000000000001 0.0 0.0
0.15000000000000002 0.5 0.9 0.0 0.0
0.15000000000000002 0.5 0.9500000000000001 0.0 0.0
0.15000000000000002 0.5 1.0 0.0 0.0
0.1 0.5 0.0 0.0 0.0
0.1 0.5 0.05 0.0 0.0
0.1 0.5 0.1 0.0 0.0
0.1 0.5 0.15000000000000002 0.0 0.0
0.1 0.5 0.2 0.0 0.0
0.1 0.5 0.25 0.0 0.0
0.1 0.5 0.30000000000000004 0.0 0.0
0.1 0.5 0.35000000000000003 0.0 0.0
0.1 0.5 0.4 0.0 0.0
0.1 0.5 0.45 0.0 0.0
0.1 0.5 0.5 0.0 0.0
0.1 0.5 0.55 0.0 0.0
0.1 0.5 0.6000000000000001 0.0 0.0
0.1 0.5 0.65 0.0 0.0
0.1 0.5 0.7000000000000001 0.0 0.0
0.1 0.5 0.75 0.0 0.0
0.1 0.5 0.8 0.0 0.0
0.1 0.5 0.8500000000000001 0.0 0.0
0.1 0.5 0.9 0.0 0.0
0.1 0.5 0.9500000000000001 0.0 0.0
0.1 0.5 1.0 0.0 0.0
0.05 0.5 0.0 0.0 0.0
0.05 0.5 0.05 0.0 0.0
0.05 0.5 0.1 0.0 0.0
0.05 0.5 0.15000000000000002 0.0 0.0
0.05 0.5 0.2 0.0 0.0
0.05 0.5 0.25 0.0 0.0
0.05 0.5 0.30000000000000004 0.0 0.0
0.05 0.5 0.35000000000000003 0.0 0.0
0.05 0.5 0.4 0.0 0.0
0.05 0.5 0.45 0.0 0.0
0.05 0.5 0.5 0.0 0.0
0.05 0.5 0.55 0.0 0.0
0.05 0.5 0.6000000000000001 0.0 0.0
0.05 0.5 0.65 0.0 0.0
0.05 0.5 0.7000000000000001 0.0 0.0
0.05 0.5 0.75 0.0 0.0
0.05 0.5 0.8 0.0 0.0
0.05 0.5 0.8500000000000001 0.0 0.0
0.05 0.5 0.9 0.0 0.0
0.05 0.5 0.9500000000000001 0.0 0.0
0.05 0.5 1.0 0.0 0.0
0.0 0.5 0.0 0.0 0.0
0.0 0.5 0.05 0.0 0.0
0.0 0.5 0.1 0.0 0.0
0.0 0.5 0.15000000000000002 0.0 0.0
0.0 0.5 0.2 0.0 0.0
0.0 0.5 0.25 0.0 0.0
0.0 0.5 0.30000000000000004 0.0 0.0
0.0 0.5 0.35000000000000003 0.0 0.0
0.0 0.5 0.4 0.0 0.0
0.0 0.5 0.45 0.0 0.0
0.0 0.5 0.5 0.0 0.0
0.0 0.5 0.55 0.0 0.0
0.0 0.5 0.6000000000000001 0.0 0.0
0.0 0.5 0.65 0.0 0.0
0.0 0.5 0.7000000000000001 0.0 0.0
0.0 0.5 0.75 0.0 0.0
0.0 0.5 0.8 0.0 0.0
0.0 0.5 0.8500000000000001 0.0 0.0
0.0 0.5 0.9 0.0 0.0
0.0 0.5 0.9500000000000001 0.0 0.0
0.0 0.5 1.0 0.0 0.0
