run_no steps_to_equilibrate0 609
1 1559
2 464
3 942
4 2839
5 223
6 309
7 678
8 1815
9 1260
10 615
11 1774
12 1249
13 987
14 773
15 689
16 640
17 578
18 318
19 3001
20 203
21 733
22 780
23 196
24 660
25 773
26 873
27 385
28 467
29 1042
30 647
31 599
32 642
33 503
34 198
35 851
36 531
37 532
38 3001
39 706
40 1051
41 539
42 443
43 782
44 489
45 509
46 884
47 1543
48 1015
49 654
50 1111
51 471
52 826
53 1073
54 1385
55 1609
56 1138
57 1929
58 385
59 505
60 1016
61 918
62 358
63 599
64 524
65 1101
66 1695
67 438
68 661
69 936
70 1698
71 1185
72 1901
73 301
74 1326
75 413
76 752
77 407
78 591
79 332
80 533
81 468
82 184
83 868
84 306
85 989
86 515
87 797
88 930
89 2912
90 159
91 941
92 465
93 1539
94 369
95 214
96 820
97 1036
98 711
99 868
100 221
101 501
102 643
103 228
104 232
105 347
106 1258
107 285
108 301
109 253
110 646
111 730
112 479
113 986
114 624
115 747
116 455
117 1221
118 368
119 1120
120 796
121 266
122 1128
123 938
124 750
125 360
126 332
127 3001
128 197
129 593
130 527
131 587
132 766
133 756
134 438
135 762
136 495
137 391
138 1470
139 341
140 442
141 1617
142 414
143 688
144 449
145 228
146 554
147 675
148 1359
149 2218
150 279
151 606
152 405
153 556
154 517
155 566
156 565
157 529
158 2124
159 1076
160 961
161 1184
162 348
163 1542
164 399
165 780
166 248
167 785
168 374
169 1052
170 898
171 743
172 483
173 1692
174 747
175 299
176 200
177 853
178 610
179 229
180 559
181 724
182 3001
183 684
184 1170
185 813
186 886
187 240
188 367
189 194
190 730
191 470
192 1210
193 370
194 586
195 586
196 524
197 1486
198 1268
199 1772
200 902
201 972
202 298
203 1253
204 299
205 831
206 684
207 866
208 391
209 404
210 3001
211 2068
212 928
213 1900
214 273
215 831
216 480
217 649
218 564
219 585
220 1282
221 631
222 723
223 3001
224 838
225 1628
226 346
227 951
228 117
229 1354
230 1924
231 613
232 471
233 1167
234 1468
235 308
236 931
237 1650
238 814
239 756
240 249
241 2126
242 481
243 516
244 309
245 754
246 659
247 892
248 464
249 425
250 125
251 682
252 508
253 431
254 849
255 165
256 547
257 733
258 859
259 165
260 1356
261 3001
262 540
263 725
264 486
265 1017
266 422
267 728
268 677
269 193
270 279
271 271
272 763
273 1996
274 1161
275 340
276 751
277 2355
278 894
279 195
280 310
281 3001
282 986
283 484
284 504
285 993
286 368
287 1992
288 1142
289 235
290 739
291 737
292 396
293 479
294 632
295 819
296 995
297 1402
298 1322
299 1160
300 635
301 217
302 691
303 619
304 294
305 260
306 2125
307 247
308 673
309 502
310 247
311 220
312 179
313 208
314 739
315 948
316 927
317 595
318 822
319 386
320 813
321 533
322 415
323 657
324 3001
325 332
326 440
327 736
328 406
329 607
330 808
331 543
332 977
333 509
334 1280
335 1231
336 286
337 552
338 537
339 407
340 279
341 477
342 473
343 872
344 809
345 360
346 1934
347 2573
348 1190
349 859
350 1245
351 902
352 1233
353 156
354 664
355 321
356 475
357 524
358 604
359 494
360 763
361 1801
362 1603
363 1032
364 528
365 874
366 1533
367 761
368 504
369 791
370 566
371 330
372 502
373 681
374 1089
375 222
376 239
377 509
378 976
379 749
380 560
381 985
382 540
383 393
384 905
385 1286
386 860
387 1266
388 698
389 752
390 3001
391 897
392 985
393 731
394 1302
395 472
396 451
397 411
398 1905
399 1675
400 716
401 485
402 664
403 533
404 664
405 826
406 362
407 232
408 788
409 769
410 1603
411 1188
412 911
413 372
414 387
415 444
416 1248
417 415
418 1547
419 1728
420 214
421 495
422 551
423 272
424 821
425 163
426 740
427 615
428 676
429 1034
430 397
431 1068
432 237
433 474
434 1286
435 1527
436 610
437 490
438 937
439 394
440 298
441 844
442 581
443 962
444 735
445 469
446 630
447 365
448 762
449 883
450 2409
451 1278
452 276
453 1189
454 1340
455 3001
456 1773
457 538
458 1087
459 493
460 379
461 805
462 1612
463 796
464 2306
465 755
466 1524
467 932
468 547
469 703
470 1749
471 616
472 382
473 752
474 764
475 278
476 1127
477 715
478 389
479 999
480 889
481 742
482 951
483 402
484 410
485 404
486 161
487 985
488 548
489 1240
490 1103
491 463
492 1176
493 331
494 707
495 640
496 1053
497 378
498 347
499 830
500 331
501 453
502 1274
503 612
504 1562
505 481
506 2796
507 956
508 2297
509 1475
510 977
511 391
512 439
513 598
514 876
515 556
516 353
517 387
518 203
519 647
520 971
521 513
522 1401
523 783
524 402
525 1653
526 1043
527 330
528 1468
529 213
530 1971
531 1320
532 1768
533 1442
534 530
535 1053
536 1756
537 701
538 2776
539 203
540 687
541 222
542 625
543 997
544 971
545 1005
546 434
547 216
548 826
549 707
550 1290
551 1235
552 618
553 638
554 319
555 339
556 410
557 949
558 327
559 850
560 1532
561 306
562 1120
563 558
564 3001
565 431
566 832
567 527
568 949
569 1032
570 1077
571 575
572 1061
573 2158
574 600
575 848
576 243
577 738
578 498
579 470
580 736
581 508
582 654
583 1066
584 627
585 706
586 1263
587 772
588 1103
589 662
590 724
591 338
592 770
593 1268
594 991
595 356
596 555
597 801
598 1179
599 1460
600 671
601 291
602 372
603 2121
604 3001
605 307
606 1247
607 2662
608 385
609 359
610 424
611 3001
612 231
613 3001
614 1234
615 319
616 608
617 583
618 1584
619 681
620 1028
621 3001
622 424
623 518
624 294
625 671
626 621
627 652
628 2246
629 910
630 1216
631 828
632 1441
633 626
634 381
635 1422
636 257
637 964
638 500
639 533
640 347
641 347
642 941
643 560
644 983
645 2544
646 420
647 818
648 520
649 363
650 803
651 1063
652 335
653 313
654 886
655 2783
656 587
657 536
658 2234
659 638
660 383
661 647
662 481
663 957
664 604
665 737
666 409
667 1256
668 336
669 1284
670 225
671 470
672 3001
673 964
674 445
675 940
676 218
677 1833
678 577
679 438
680 1160
681 235
682 659
683 567
684 966
685 775
686 1278
687 927
688 213
689 1405
690 1136
691 670
692 1557
693 1066
694 628
695 712
696 339
697 142
698 375
699 3001
700 986
701 197
702 396
703 1565
704 277
705 612
706 770
707 673
708 1016
709 1706
710 740
711 949
712 343
713 839
714 277
715 563
716 797
717 501
718 613
719 311
720 382
721 1046
722 700
723 1291
724 962
725 768
726 193
727 1477
728 725
729 1038
730 851
731 3001
732 2207
733 780
734 520
735 738
736 1291
737 449
738 840
739 315
740 1091
741 611
742 1255
743 977
744 518
745 1128
746 1402
747 1268
748 810
749 309
750 1994
751 1851
752 1067
753 376
754 277
755 632
756 1466
757 834
758 1471
759 3001
760 2460
761 167
762 321
763 343
764 1061
765 928
766 838
767 1471
768 245
769 419
770 2270
771 1728
772 1284
773 1706
774 1006
775 1719
776 3001
777 1194
778 1325
779 737
780 1113
781 1536
782 426
783 759
784 611
785 286
786 724
787 944
788 1306
789 196
790 953
791 676
792 541
793 347
794 715
795 1268
796 446
797 773
798 504
799 482
800 339
801 416
802 256
803 485
804 318
805 397
806 465
807 1039
808 672
809 706
810 1068
811 262
812 698
813 382
814 853
815 148
816 375
817 1280
818 1385
819 780
820 445
821 1722
822 571
823 854
824 3001
825 1260
826 682
827 1204
828 905
829 692
830 869
831 700
832 460
833 840
834 816
835 680
836 616
837 734
838 444
839 1228
840 394
841 389
842 325
843 1247
844 433
845 354
846 423
847 277
848 692
849 1334
850 655
851 1039
852 226
853 2056
854 1087
855 623
856 511
857 440
858 757
859 1241
860 722
861 684
862 522
863 3001
864 671
865 536
866 2443
867 1004
868 976
869 1002
870 780
871 438
872 694
873 678
874 395
875 390
876 894
877 327
878 617
879 685
880 487
881 1232
882 1835
883 1922
884 1293
885 1065
886 2831
887 510
888 540
889 453
890 846
891 565
892 1222
893 1373
894 497
895 610
896 2101
897 981
898 557
899 354
900 396
901 658
902 1576
903 271
904 904
905 220
906 496
907 493
908 1143
909 624
910 143
911 477
912 3001
913 954
914 1901
915 198
916 812
917 572
918 999
919 1391
920 1060
921 399
922 984
923 335
924 692
925 715
926 1018
927 1809
928 691
929 278
930 646
931 1003
932 366
933 931
934 866
935 250
936 1102
937 959
938 861
939 3001
940 2211
941 904
942 276
943 278
944 2088
945 258
946 349
947 733
948 348
949 245
950 401
951 973
952 1210
953 689
954 860
955 347
956 648
957 759
958 488
959 1101
960 2436
961 734
962 468
963 755
964 358
965 571
966 1470
967 278
968 496
969 255
970 2070
971 1095
972 614
973 566
974 1068
975 824
976 939
977 1297
978 397
979 1161
980 988
981 521
982 687
983 1459
984 1322
985 151
986 1122
987 340
988 842
989 526
990 415
991 1037
992 742
993 677
994 1939
995 212
996 1321
997 296
998 2838
999 530
