<I> <S> <R>
839 828 833
1158 425 917
1238 228 1034
1204 137 1159
1127 104 1269
1038 79 1383
976 66 1458
896 64 1540
832 66 1602
770 64 1666
716 58 1726
674 54 1772
617 62 1821
584 69 1847
530 77 1893
493 86 1921
457 105 1938
434 104 1962
382 116 2002
363 121 2016
346 131 2023
322 144 2034
297 161 2042
293 165 2042
280 175 2045
263 193 2044
248 201 2051
227 209 2064
203 227 2070
190 241 2069
181 249 2070
178 262 2060
168 273 2059
157 276 2067
143 285 2072
136 297 2067
124 313 2063
120 328 2052
112 338 2050
107 349 2044
102 376 2022
99 385 2016
89 404 2007
82 421 1997
82 433 1985
81 446 1973
80 462 1958
78 472 1950
75 491 1934
75 509 1916
73 535 1892
74 545 1881
77 563 1860
71 574 1855
66 592 1842
68 603 1829
60 626 1814
55 641 1804
53 648 1799
53 659 1788
50 673 1777
42 695 1763
35 718 1747
31 741 1728
27 762 1711
27 779 1694
25 798 1677
22 818 1660
27 837 1636
25 850 1625
28 858 1614
35 860 1605
42 864 1594
42 876 1582
39 883 1578
37 900 1563
40 911 1549
48 915 1537
50 926 1524
47 937 1516
45 962 1493
38 974 1488
35 980 1485
31 994 1475
28 1013 1459
31 1023 1446
37 1029 1434
38 1044 1418
43 1049 1408
44 1051 1405
44 1062 1394
47 1078 1375
46 1081 1373
44 1092 1364
50 1103 1347
51 1112 1337
53 1120 1327
47 1128 1325
47 1141 1312
49 1156 1295
47 1159 1294
48 1162 1290
48 1172 1280
50 1175 1275
54 1180 1266
55 1191 1254
66 1189 1245
68 1200 1232
69 1202 1229
68 1214 1218
69 1214 1217
66 1220 1214
71 1222 1207
75 1226 1199
73 1235 1192
75 1231 1194
80 1234 1186
85 1229 1186
86 1232 1182
88 1233 1179
93 1232 1175
93 1229 1178
92 1228 1180
90 1227 1183
91 1225 1184
86 1239 1175
89 1238 1173
90 1240 1170
97 1235 1168
99 1237 1164
100 1239 1161
109 1234 1157
106 1230 1164
115 1219 1166
116 1213 1171
121 1217 1162
122 1221 1157
120 1221 1159
127 1218 1155
128 1216 1156
125 1211 1164
121 1218 1161
124 1213 1163
137 1202 1161
134 1203 1163
135 1202 1163
148 1187 1165
169 1158 1173
166 1151 1183
180 1136 1184
182 1117 1201
203 1094 1203
209 1080 1211
213 1065 1222
210 1061 1229
214 1046 1240
222 1030 1248
227 1019 1254
239 1003 1258
240 994 1266
242 973 1285
240 961 1299
237 953 1310
237 952 1311
251 927 1322
257 909 1334
254 893 1353
265 869 1366
273 847 1380
281 820 1399
309 784 1407
338 734 1428
340 710 1450
349 679 1472
364 647 1489
381 609 1510
403 558 1539
421 514 1565
404 493 1603
420 459 1621
419 437 1644
398 429 1673
383 413 1704
359 424 1717
334 427 1739
310 434 1756
297 439 1764
273 445 1782
258 453 1789
231 468 1801
213 475 1812
203 483 1814
187 494 1819
185 507 1808
176 516 1808
166 539 1795
156 541 1803
140 552 1808
131 566 1803
131 582 1787
125 597 1778
136 598 1766
141 596 1763
156 597 1747
161 606 1733
159 609 1732
158 616 1726
145 625 1730
139 626 1735
135 629 1736
132 644 1724
125 649 1726
121 663 1716
115 671 1714
107 681 1712
102 696 1702
99 712 1689
94 726 1680
92 740 1668
88 754 1658
86 764 1650
88 771 1641
94 772 1634
89 782 1629
82 794 1624
87 801 1612
86 810 1604
90 826 1584
89 837 1574
87 848 1565
86 853 1561
91 868 1541
98 875 1527
100 877 1523
100 872 1528
105 874 1521
111 865 1524
105 875 1520
111 878 1511
107 879 1514
109 877 1514
111 876 1513
115 880 1505
108 889 1503
107 900 1493
105 912 1483
105 912 1483
110 916 1474
110 923 1467
104 932 1464
100 938 1462
99 947 1454
93 954 1453
98 953 1449
109 950 1441
107 957 1436
101 958 1441
103 965 1432
100 966 1434
102 966 1432
101 973 1426
105 981 1414
105 980 1415
109 977 1414
103 983 1414
99 988 1413
98 993 1409
95 1002 1403
97 1005 1398
101 1011 1388
100 1019 1381
106 1014 1380
112 1004 1384
115 1009 1376
123 1009 1368
124 1009 1367
119 1006 1375
113 1005 1382
110 1006 1384
109 1006 1385
117 1005 1378
141 994 1365
163 979 1358
169 972 1359
182 964 1354
169 954 1377
173 942 1385
186 926 1388
192 917 1391
204 902 1394
202 889 1409
205 882 1413
195 888 1417
194 889 1417
193 890 1417
193 882 1425
183 886 1431
176 895 1429
175 896 1429
169 904 1427
166 903 1431
154 908 1438
169 897 1434
170 891 1439
178 881 1441
173 883 1444
163 898 1439
156 900 1444
154 903 1443
150 910 1440
140 916 1444
128 925 1447
127 927 1446
129 931 1440
136 933 1431
135 938 1427
136 932 1432
145 925 1430
148 909 1443
161 905 1434
159 897 1444
149 897 1454
144 895 1461
149 894 1457
150 893 1457
143 890 1467
153 882 1465
154 884 1462
154 877 1469
153 873 1474
154 868 1478
163 862 1475
165 868 1467
166 864 1470
168 857 1475
174 849 1477
180 840 1480
190 843 1467
196 839 1465
216 820 1464
231 796 1473
230 784 1486
256 748 1496
271 722 1507
276 705 1519
281 694 1525
272 692 1536
250 690 1560
232 688 1580
223 676 1601
226 671 1603
220 664 1616
212 675 1613
215 669 1616
222 662 1616
219 665 1616
227 651 1622
219 641 1640
221 630 1649
212 630 1658
211 636 1653
211 640 1649
207 638 1655
209 630 1661
207 620 1673
191 623 1686
185 622 1693
173 624 1703
158 640 1702
148 653 1699
144 667 1689
147 671 1682
141 672 1687
132 690 1678
140 701 1659
134 704 1662
134 715 1651
133 721 1646
130 733 1637
125 744 1631
118 751 1631
118 754 1628
115 760 1625
124 761 1615
119 774 1607
112 777 1611
106 786 1608
99 796 1605
96 810 1594
95 816 1589
98 828 1574
93 833 1574
88 843 1569
84 858 1558
78 866 1556
74 881 1545
72 892 1536
67 909 1524
68 921 1511
65 934 1501
63 940 1497
60 952 1488
59 959 1482
55 966 1479
48 976 1476
49 991 1460
45 996 1459
40 1008 1452
39 1024 1437
38 1044 1418
38 1057 1405
30 1075 1395
29 1088 1383
29 1098 1373
28 1113 1359
28 1126 1346
31 1130 1339
29 1145 1326
27 1156 1317
31 1159 1310
31 1164 1305
36 1163 1301
42 1168 1290
44 1177 1279
44 1181 1275
50 1186 1264
48 1199 1253
49 1204 1247
52 1208 1240
55 1210 1235
57 1214 1229
62 1217 1221
68 1217 1215
73 1215 1212
69 1219 1212
69 1231 1200
65 1237 1198
64 1246 1190
67 1245 1188
62 1252 1186
63 1257 1180
75 1257 1168
70 1260 1170
79 1265 1156
87 1258 1155
104 1240 1156
112 1231 1157
132 1209 1159
147 1190 1163
167 1164 1169
192 1143 1165
211 1113 1176
237 1078 1185
252 1053 1195
268 1020 1212
283 987 1230
305 947 1248
312 908 1280
329 871 1300
338 849 1313
335 827 1338
342 803 1355
335 785 1380
336 765 1399
341 734 1425
348 711 1441
342 693 1465
335 680 1485
326 667 1507
328 656 1516
326 633 1541
323 618 1559
330 592 1578
328 580 1592
325 572 1603
316 558 1626
311 552 1637
304 539 1657
293 535 1672
283 531 1686
288 513 1699
296 501 1703
302 488 1710
298 484 1718
308 476 1716
306 469 1725
291 471 1738
276 466 1758
268 466 1766
261 476 1763
241 488 1771
222 492 1786
207 501 1792
199 509 1792
198 503 1799
186 514 1800
177 520 1803
159 532 1809
154 550 1796
145 551 1804
